Distance; Skill Score
22.67; -0.6424
24.56; -0.4878
33.45; 0.4312
34.47; 0.4417
34.48; 0.4784
35.31; 0.6085
37.31; 0.7086
38.26; 0.8345
39.43; 1.281
47.01; 1.421
49.11; 1.515
49.12; 1.598
52.8; 1.667
52.96; 1.716
53.16; 1.717
53.17; 1.935
55.08; 1.956
55.15; 2.096
56; 2.138
57.04; 2.178
57.11; 2.212
61.98; 2.228
63.69; 2.239
63.94; 2.261
63.95; 2.317
64.01; 2.367
64.56; 2.4
67.56; 2.413
68.38; 2.422
68.49; 2.447
68.76; 2.448
68.96; 2.486
69; 2.523
70.05; 2.6
70.84; 2.698
72.59; 2.775
72.69; 2.777
73.73; 2.867
74.64; 2.915
75.68; 2.933
77.46; 2.964
79.55; 2.971
79.58; 2.98
83.78; 2.992
85.24; 3.025
85.28; 3.048
85.6; 3.077
86.87; 3.1
87.59; 3.164
89.5; 3.194
90.35; 3.238
90.42; 3.257
90.6; 3.309
91.27; 3.33
91.34; 3.348
91.53; 3.353
92.24; 3.395
93.17; 3.397
93.3; 3.401
93.4; 3.452
95.31; 3.5
96.06; 3.501
98.01; 3.52
98.98; 3.547
101.1; 3.603
105.7; 3.62
107.6; 3.634
108.4; 3.649
109; 3.684
109.3; 3.719
110; 3.722
110.2; 3.758
111.6; 3.758
111.9; 3.774
112.1; 3.854
112.9; 3.865
113.6; 3.889
114.3; 3.896
114.4; 3.917
114.8; 3.958
115.8; 3.98
118.4; 3.987
118.8; 3.996
119.3; 4.015
119.5; 4.029
121; 4.031
123.4; 4.073
126.5; 4.082
126.8; 4.089
127.3; 4.095
128.7; 4.164
131.3; 4.171
132.3; 4.199
133.3; 4.207
133.8; 4.21
133.9; 4.25
134.4; 4.312
136.6; 4.334
137.4; 4.343
138.8; 4.378
138.9; 4.4
139.7; 4.404
140.1; 4.414
141; 4.418
143.7; 4.424
144.2; 4.436
145.5; 4.444
145.6; 4.449
145.7; 4.451
145.9; 4.47
149.2; 4.477
149.5; 4.478
149.6; 4.487
150.7; 4.492
150.9; 4.518
151.3; 4.518
151.9; 4.526
152.1; 4.526
153.9; 4.545
154.6; 4.579
156.1; 4.587
157.8; 4.609
159.1; 4.656
160.1; 4.665
160.4; 4.732
161.7; 4.732
162.5; 4.743
164.5; 4.764
166.4; 4.764
167; 4.778
167.1; 4.792
167.6; 4.811
168.5; 4.816
171.3; 4.85
175.5; 4.863
176.3; 4.872
176.5; 4.873
178.3; 4.892
179.5; 4.909
181.5; 4.913
181.8; 4.914
182.8; 4.956
183.9; 4.965
184.3; 4.98
185.7; 5.001
186; 5.011
187; 5.059
188; 5.082
188.8; 5.1
191.2; 5.128
194.9; 5.15
198.3; 5.154
198.9; 5.157
199.6; 5.165
201.6; 5.173
202.4; 5.183
202.7; 5.194
204.9; 5.194
205.7; 5.201
206.3; 5.202
207.1; 5.209
207.7; 5.213
208.8; 5.241
210.3; 5.275
211.1; 5.286
211.6; 5.324
216.5; 5.334
216.7; 5.344
217.3; 5.347
217.4; 5.405
221.1; 5.43
222; 5.465
228.3; 5.475
230.7; 5.477
232; 5.496
235.2; 5.505
237.2; 5.515
239.6; 5.526
240.2; 5.53
240.3; 5.539
240.9; 5.576
243.7; 5.598
245.4; 5.634
246; 5.666
251.1; 5.67
253.1; 5.673
253.5; 5.729
255.7; 5.732
260.5; 5.746
262.1; 5.766
267; 5.775
268.6; 5.78
270.1; 5.78
271.5; 5.781
272.3; 5.788
272.9; 5.789
273.1; 5.829
276.5; 5.835
276.6; 5.868
277.3; 5.871
278.8; 5.878
280; 5.883
280.9; 5.928
281.7; 5.957
292.2; 5.958
293; 5.966
293.5; 5.969
293.9; 5.994
297; 5.996
297.6; 6.016
298.6; 6.019
300.3; 6.021
301.2; 6.028
302.3; 6.036
304.6; 6.041
305.4; 6.059
308.6; 6.076
310.9; 6.079
313.2; 6.094
313.9; 6.107
314; 6.108
314.1; 6.129
314.9; 6.149
315.7; 6.158
318.2; 6.188
320.5; 6.193
325.8; 6.212
328.4; 6.223
330.9; 6.23
331.7; 6.253
337.1; 6.264
337.9; 6.304
349.8; 6.338
353.3; 6.358
354.1; 6.375
356.4; 6.394
361.8; 6.401
363; 6.412
365.1; 6.417
365.8; 6.423
367.8; 6.433
369.4; 6.445
370.2; 6.447
371.1; 6.472
372.4; 6.477
374; 6.496
378.3; 6.524
380.6; 6.529
386.9; 6.536
391; 6.536
392.5; 6.565
398.8; 6.578
401.7; 6.582
403.9; 6.601
407.3; 6.615
409.7; 6.636
411.4; 6.649
411.9; 6.656
413.7; 6.663
416.4; 6.694
418.7; 6.711
422.9; 6.718
428.2; 6.724
430.3; 6.725
431.9; 6.736
433.5; 6.743
434.4; 6.753
436.2; 6.763
437.5; 6.768
439; 6.769
446.7; 6.775
453.5; 6.778
453.8; 6.78
454.1; 6.785
455.1; 6.785
455.8; 6.792
455.9; 6.803
456.9; 6.811
458.5; 6.871
462.9; 6.881
469.1; 6.888
473.6; 6.905
474.3; 6.913
477.6; 6.928
478.6; 6.938
482.7; 6.946
487.7; 6.946
488.9; 6.951
489.4; 6.955
492.6; 6.962
498.7; 6.964
503; 6.971
504.5; 6.972
507.4; 6.974
507.9; 6.977
508.8; 6.995
510.9; 7.003
511.9; 7.036
516.9; 7.038
517.2; 7.058
525.1; 7.059
526.6; 7.084
533; 7.084
533.7; 7.091
535; 7.091
537.4; 7.113
537.9; 7.129
545.8; 7.132
546.8; 7.138
558.2; 7.141
560.6; 7.153
561.6; 7.154
566.3; 7.16
567.3; 7.161
570.4; 7.162
573.1; 7.173
576.7; 7.175
577.7; 7.179
578.1; 7.18
582; 7.195
582.4; 7.217
582.9; 7.252
589.4; 7.257
592.9; 7.259
596.4; 7.276
605; 7.297
610.6; 7.317
621.3; 7.318
629.6; 7.327
631.5; 7.336
641.8; 7.34
645.9; 7.346
647; 7.359
652.9; 7.421
668.4; 7.432
668.6; 7.442
672; 7.446
675.3; 7.464
682.4; 7.469
688; 7.474
696.8; 7.476
698.1; 7.493
718.1; 7.498
719.2; 7.541
741.4; 7.592
744.5; 7.608
756.3; 7.608
758.9; 7.613
776.1; 7.62
780.2; 7.637
786.6; 7.64
787.7; 7.644
805.8; 7.666
813.1; 7.68
817.8; 7.683
836.1; 7.693
840.1; 7.705
846.4; 7.712
852.3; 7.735
863.2; 7.738
875.7; 7.753
877; 7.761
879.7; 7.767
893.3; 7.775
894.1; 7.792
898.7; 7.831
914.7; 7.835
921.4; 7.841
938.7; 7.876
939.8; 7.896
957.1; 7.919
1029; 7.972
1043; 7.997
1077; 8.016
1119; 8.026
1122; 8.042
1161; 8.07
1207; 8.072
1218; 8.082
1228; 8.097
1245; 8.118
1277; 8.165
1329; 8.18
1418; 8.227
1548; 8.291
