M: 10
Instance: 1
Algorithm: SPEA2
Iteration: 500
Population Size: 1000
Running Time:  1.48e+04 seconds
Required Skills:  0 1 4 9 10 14 16 18 23 24 
Distance; Skill Score; isValid; Team; Skill Counts
11.84; 0.5446880223026778; True; 20 303 546; 1 1 1 2 1 1 1 1 1 1
19.54; 1.666237095895804; True; 20 202 303 546; 1 1 1 3 2 2 2 1 1 2
20.63; 1.7058637122839198; True; 303 480 546 594; 2 1 1 2 1 3 2 1 1 2
20.64; 1.9060116252714128; True; 20 303 546 594; 2 1 1 3 2 2 2 1 1 2
37.21; 2.89768206179642; True; 20 303 420 546 594; 2 1 1 4 3 3 3 2 2 2
41.18; 3.026533264523297; True; 20 202 303 546 578 594; 2 1 2 4 4 3 4 1 1 4
48.69; 3.4332896851950254; True; 20 303 546 578 594 664; 3 1 2 4 3 3 3 2 2 3
