M: 10
Instance: 1
Algorithm: NSGA-II
Iteration: 500
Population Size: 1000
Running Time:  3.118e+04 seconds
Required Skills:  0 1 4 9 10 14 16 18 23 24 
Distance; Skill Score; isValid; Team; Skill Counts
11.84; 0.5446880223026778; True; 20 303 546; 1 1 1 2 1 1 1 1 1 1
12.82; 0.5957166199434241; True; 303 374 420; 1 1 1 1 1 1 2 1 1 1
15.84; 0.8603380065709931; True; 168 303 420; 1 1 1 1 1 1 2 2 1 1
16.6; 1.0659529803138703; True; 96 303 513 594; 1 1 1 2 1 2 1 1 1 2
16.79; 1.087426457036285; True; 110 303 341 689; 2 1 1 1 1 1 2 1 1 2
18.64; 1.1017470739463668; True; 301 303 341 546; 2 1 1 1 1 2 1 1 1 2
18.71; 1.396896449142524; True; 20 303 448 546; 1 1 1 3 2 1 2 1 1 2
19.54; 1.666237095895804; True; 20 202 303 546; 1 1 1 3 2 2 2 1 1 2
20.63; 1.7058637122839198; True; 303 480 546 594; 2 1 1 2 1 3 2 1 1 2
20.64; 1.9060116252714128; True; 20 303 546 594; 2 1 1 3 2 2 2 1 1 2
23.46; 1.9499264436679127; True; 303 374 420 594; 2 1 1 2 2 2 3 1 1 2
26.61; 1.9760747316198746; True; 20 142 303 448 546; 1 1 1 4 2 2 2 2 1 2
27.31; 2.106530853822381; True; 20 202 303 448 546; 1 1 1 4 3 2 3 1 1 3
27.57; 2.197004728023046; True; 0 130 303 341 546; 3 1 1 2 2 2 3 1 1 3
28.37; 2.342225229360791; True; 130 303 341 480 546; 3 1 1 2 2 3 3 1 1 3
28.46; 2.3494717992143856; True; 20 202 303 546 578; 1 1 2 3 3 2 3 1 1 3
29.51; 2.3729120029701063; True; 19 303 420 480 664; 2 1 1 2 1 3 3 2 2 2
30.26; 2.4553017716570764; True; 20 202 303 374 546; 2 1 2 3 2 2 3 1 1 3
30.27; 2.4915017662373264; True; 20 202 303 546 594; 2 1 1 4 3 3 3 1 1 3
30.57; 2.5892792212359677; True; 20 303 546 578 594; 2 1 2 3 3 2 3 1 1 3
31.32; 2.600428325732131; True; 20 303 480 546 594; 2 1 2 3 2 3 3 1 1 3
33.34; 2.7252580663599613; True; 303 341 420 480 664; 2 1 1 2 2 4 3 2 2 2
34.28; 2.7296506683359203; True; 20 303 546 578 664; 2 1 2 3 2 2 2 2 2 2
35.25; 2.7669330938372836; True; 20 303 420 480 664; 1 1 2 3 2 3 3 2 2 2
35.87; 2.813247300897605; True; 303 420 480 594 664; 2 1 1 3 2 4 3 2 2 2
36.27; 2.861534410859038; True; 20 303 374 420 664; 2 1 2 3 2 2 3 2 2 2
37.21; 2.89768206179642; True; 20 303 420 546 594; 2 1 1 4 3 3 3 2 2 2
40.05; 2.910304168068569; True; 20 142 202 303 374 546; 2 1 2 4 2 3 3 2 1 3
40.25; 2.9201233262907236; True; 20 142 254 303 546 578; 2 1 2 4 2 3 2 2 2 2
41.07; 2.990516444028229; True; 20 202 303 374 515 546; 2 1 2 3 2 2 3 2 2 3
41.18; 3.026533264523297; True; 20 202 303 546 578 594; 2 1 2 4 4 3 4 1 1 4
41.29; 3.0285712526925375; True; 20 142 303 374 546 594; 3 1 2 4 2 3 3 2 1 3
41.41; 3.0445397603924107; True; 20 142 303 546 578 594; 2 1 2 4 3 3 3 2 1 3
41.89; 3.0503797562614574; True; 20 202 254 303 546 578; 2 1 2 4 3 3 3 1 2 3
42.15; 3.1357685145678227; True; 20 303 480 515 546 594; 2 1 2 3 2 3 3 2 2 3
43.17; 3.168792020314182; True; 20 254 303 546 578 594; 3 1 2 4 3 3 3 1 2 3
44.35; 3.2697463731307668; True; 20 303 513 546 578 594; 2 1 2 3 3 3 3 2 2 3
45.76; 3.315130317183602; True; 20 202 303 546 578 664; 2 1 2 4 3 3 3 2 2 3
48.07; 3.343408593803857; True; 303 341 374 420 480 664; 3 1 2 2 2 4 4 2 2 3
48.51; 3.3941013020400446; True; 20 303 480 546 594 664; 3 1 2 4 2 4 3 2 2 3
48.69; 3.4332896851950254; True; 20 303 546 578 594 664; 3 1 2 4 3 3 3 2 2 3
50.82; 3.4471580313422194; True; 20 303 341 420 480 664; 2 1 2 3 3 4 4 2 2 3
50.86; 3.492481010128877; True; 20 303 420 480 546 594; 2 1 2 4 3 4 4 2 2 3
50.97; 3.515741416669365; True; 20 303 374 420 546 594; 3 1 2 4 3 3 4 2 2 3
54.91; 3.579897869603104; True; 20 303 374 480 515 546 594; 3 1 3 3 2 3 4 2 2 4
55.75; 3.595606434865603; True; 20 202 303 374 515 546 594; 3 1 2 4 3 3 4 2 2 4
56.93; 3.595716619943424; True; 20 303 480 515 546 578 594; 2 1 3 3 3 3 4 2 2 4
57.89; 3.656864491548917; True; 20 202 303 513 546 578 594; 2 1 2 4 4 4 4 2 2 4
59.64; 3.690550461510359; True; 20 202 303 374 513 546 594; 3 1 2 4 3 4 4 2 2 4
59.98; 3.6906390117159678; True; 20 303 480 513 546 578 594; 2 1 3 3 3 4 4 2 2 4
60.05; 3.7139103541289558; True; 20 303 374 513 546 578 594; 3 1 3 3 3 3 4 2 2 4
60.37; 3.7359181165312974; True; 20 202 303 480 546 578 664; 2 1 3 4 3 4 4 2 2 4
61.32; 3.759214431234244; True; 20 202 303 374 546 578 664; 3 1 3 4 3 3 4 2 2 4
62.1; 3.8000981801747757; True; 20 202 303 546 578 594 664; 3 1 2 5 4 4 4 2 2 4
63.32; 3.8540630118664208; True; 20 303 480 546 578 594 664; 3 1 3 4 3 4 4 2 2 4
65.6; 3.910304168068569; True; 20 303 374 420 480 546 594; 3 1 3 4 3 4 5 2 2 4
67.57; 3.9273703630390235; True; 20 303 374 420 480 546 664; 3 1 3 4 2 4 4 3 3 3
68.67; 3.9432471251378614; True; 20 303 420 480 546 578 664; 2 1 3 4 3 4 4 3 3 3
69.71; 3.9665640840973104; True; 20 303 374 420 546 578 664; 3 1 3 4 3 3 4 3 3 3
70.04; 3.9906052114239197; True; 20 303 420 480 546 594 664; 3 1 2 5 3 5 4 3 3 3
71.05; 3.9931716050307653; True; 20 303 374 420 546 594 664; 4 1 2 5 3 4 4 3 3 3
71.22; 4.007320952922744; True; 20 303 420 546 578 594 664; 3 1 2 5 4 4 4 3 3 3
75.5; 4.04883008652835; True; 20 202 303 374 513 546 578 594; 3 1 3 4 4 4 5 2 2 5
76.92; 4.076640443670342; True; 20 202 303 374 480 546 578 664; 3 1 4 4 3 4 5 2 2 5
77.92; 4.077367905284157; True; 20 303 374 480 515 546 594 664; 4 1 3 4 2 4 4 3 3 4
78.07; 4.087426457036285; True; 20 142 303 480 546 578 594 664; 3 1 3 5 3 5 4 3 2 4
78.7; 4.141449773400468; True; 20 202 303 480 546 578 594 664; 3 1 3 5 4 5 5 2 2 5
79.63; 4.143951116423963; True; 20 202 303 374 546 578 594 664; 4 1 3 5 4 4 5 2 2 5
79.94; 4.14705767102836; True; 20 303 374 480 546 578 594 664; 4 1 4 4 3 4 5 2 2 5
81.32; 4.150756439860309; True; 20 107 303 374 420 480 546 594; 3 1 3 4 3 4 6 2 3 5
81.33; 4.197556213153536; True; 20 303 374 420 480 515 546 594; 3 1 3 4 3 4 5 3 3 4
82.07; 4.2198463860243605; True; 20 254 303 374 420 480 546 594; 4 1 3 5 3 5 5 2 3 4
84.13; 4.23401081758718; True; 20 254 303 420 480 546 578 594; 3 1 3 5 4 5 5 2 3 4
84.25; 4.236537261488694; True; 20 254 303 374 420 546 578 594; 4 1 3 5 4 4 5 2 3 4
85.88; 4.290257269394518; True; 20 202 303 374 420 480 546 664; 3 1 3 5 3 5 5 3 3 4
86.3; 4.310055737750892; True; 20 303 374 420 480 546 578 664; 3 1 4 4 3 4 5 3 3 4
87.68; 4.360593413565248; True; 20 303 374 420 480 546 594 664; 4 1 3 5 3 5 5 3 3 4
88.8; 4.3747483460101035; True; 20 303 420 480 546 578 594 664; 3 1 3 5 4 5 5 3 3 4
89.82; 4.377306251068199; True; 20 303 374 420 546 578 594 664; 4 1 3 5 4 4 5 3 3 4
95.67; 4.380392160057028; True; 20 142 303 374 480 546 578 594 664; 4 1 4 5 3 5 5 3 2 5
96.19; 4.414304688128332; True; 20 202 303 374 480 515 546 594 664; 4 1 3 5 3 5 5 3 3 5
97.31; 4.428620672671939; True; 20 202 303 480 515 546 578 594 664; 3 1 3 5 4 5 5 3 3 5
97.57; 4.434249452396475; True; 20 303 374 480 515 546 578 594 664; 4 1 4 4 3 4 5 3 3 5
99.62; 4.456669629423757; True; 20 254 303 374 420 480 515 546 594; 4 1 3 5 3 5 5 3 4 4
100.7; 4.468790262099611; True; 20 202 303 374 420 480 515 546 594; 3 1 3 5 4 5 6 3 3 5
102; 4.4886916983169405; True; 20 303 374 420 480 515 546 578 594; 3 1 4 4 4 4 6 3 3 5
102.7; 4.510813010512496; True; 20 254 303 374 420 480 546 578 594; 4 1 4 5 4 5 6 2 3 5
103.9; 4.513750150081823; True; 20 303 374 420 448 480 546 578 664; 3 1 4 5 4 4 6 3 3 5
104.5; 4.526855987125875; True; 20 142 254 303 374 480 515 546 578 594; 4 1 4 5 3 5 5 3 3 5
105.6; 4.581380688709987; True; 20 202 303 374 420 480 546 578 664; 3 1 4 5 4 5 6 3 3 5
107.9; 4.60422605308447; True; 20 202 303 374 420 480 546 594 664; 4 1 3 6 4 6 6 3 3 5
108.4; 4.651665603922935; True; 20 303 374 420 480 546 578 594 664; 4 1 4 5 4 5 6 3 3 5
116.8; 4.6897526961391565; True; 20 202 303 374 480 515 546 578 594 664; 4 1 4 5 4 5 6 3 3 6
120.4; 4.7167543574326976; True; 20 142 254 303 374 420 480 546 578 594; 4 1 4 6 4 6 6 3 3 5
123.1; 4.747722462035508; True; 20 254 303 374 420 480 515 546 578 594; 4 1 4 5 4 5 6 3 4 5
125.7; 4.754806855354423; True; 20 142 202 254 303 374 480 515 546 578 594; 4 1 4 6 4 6 6 3 3 6
127; 4.762078087334639; True; 20 254 303 374 420 448 480 546 578 664; 4 1 4 6 4 5 6 3 4 5
127.1; 4.768193961633072; True; 20 202 303 374 420 480 515 546 578 664; 3 1 4 5 4 5 6 4 4 5
128; 4.791760804012905; True; 20 303 374 420 448 480 546 578 594 664; 4 1 4 6 5 5 7 3 3 6
128; 4.807467375684278; True; 20 142 303 374 420 480 546 578 594 664; 4 1 4 6 4 6 6 4 3 5
129; 4.81544491624435; True; 20 107 303 374 420 480 546 578 594 664; 4 1 4 5 4 5 7 3 4 6
129.6; 4.842546836495015; True; 20 202 303 374 420 480 546 578 594 664; 4 1 4 6 5 6 7 3 3 6
131.5; 4.858176137982344; True; 20 254 303 374 420 480 546 578 594 664; 5 1 4 6 4 6 6 3 4 5
137.5; 4.8891896120470735; True; 20 303 374 420 480 513 546 578 594 664; 4 1 4 5 4 6 6 4 4 5
141.6; 4.896250562461638; True; 20 202 254 303 374 480 515 546 578 594 664; 5 1 4 6 4 6 6 3 4 6
141.8; 4.903524064471262; True; 20 142 254 303 374 420 480 515 546 578 594; 4 1 4 6 4 6 6 4 4 5
146.1; 4.904661457915524; True; 20 142 254 303 374 420 480 546 578 594 658; 5 1 4 7 4 6 6 3 4 6
146.3; 4.938619781502681; True; 20 202 254 303 374 420 480 515 546 578 594; 4 1 4 6 5 6 7 3 4 6
148.6; 4.941610802153634; True; 20 142 303 374 420 448 480 546 578 594 664; 4 1 4 7 5 6 7 4 3 6
149.5; 4.941610802153634; True; 20 202 303 371 374 420 480 515 546 578 664; 4 1 4 6 4 6 6 4 4 6
149.6; 4.971275848738105; True; 20 107 142 303 374 420 480 546 578 594 664; 4 1 4 6 4 6 7 4 4 6
151.2; 4.98095731622962; True; 20 142 202 303 374 420 480 546 578 594 664; 4 1 4 7 5 7 7 4 3 6
152.1; 4.9965992227001665; True; 20 142 254 303 374 420 480 546 578 594 664; 5 1 4 7 4 7 6 4 4 5
153.1; 5.02938377768521; True; 20 202 303 374 420 480 515 546 578 594 664; 4 1 4 6 5 6 7 4 4 6
155.5; 5.03181227133037; True; 20 202 254 303 374 420 480 546 578 594 664; 5 1 4 7 5 7 7 3 4 6
161.2; 5.03462845662532; True; 20 142 202 254 303 374 480 515 546 578 594 664; 5 1 4 7 4 7 6 4 4 6
161.6; 5.068556895072363; True; 20 202 303 374 420 480 513 546 578 594 664; 4 1 4 6 5 7 7 4 4 6
166.9; 5.07700432679335; True; 20 142 202 254 303 374 420 480 515 546 578 594; 4 1 4 7 5 7 7 4 4 6
171.6; 5.082066934285113; True; 20 142 202 254 303 374 420 448 480 546 578 664; 4 1 4 8 5 7 7 4 4 6
171.7; 5.09968064110925; True; 20 303 341 374 420 480 513 546 578 594 664; 5 1 4 5 5 7 7 4 4 6
173; 5.101403350555331; True; 20 142 303 374 420 448 480 515 546 578 594 664; 4 1 4 7 5 6 7 5 4 6
173.1; 5.103803720955957; True; 20 107 142 303 374 420 480 515 546 578 594 664; 4 1 4 6 4 6 7 5 5 6
174.6; 5.104828403653656; True; 20 142 199 202 303 374 420 480 546 578 594 664; 4 1 4 7 5 7 7 4 4 7
174.6; 5.109578546904387; True; 20 119 142 202 303 374 420 480 546 578 594 664; 4 1 4 8 5 7 7 4 4 7
174.7; 5.127428777851599; True; 20 142 254 303 374 420 448 480 546 578 594 664; 5 1 4 8 5 7 7 4 4 6
175.5; 5.129689892199301; True; 20 202 303 374 420 448 480 515 546 578 594 664; 4 1 4 7 6 6 8 4 4 7
175.6; 5.133219456732494; True; 20 107 142 254 303 374 420 480 546 578 594 664; 5 1 4 7 4 7 7 4 5 6
175.6; 5.140822180109311; True; 20 142 202 303 374 420 480 515 546 578 594 664; 4 1 4 7 5 7 7 5 4 6
176.6; 5.141763230275788; True; 20 202 303 374 420 480 502 515 546 578 594 664; 4 1 5 6 5 6 7 4 4 7
176.6; 5.1482940974347455; True; 20 107 202 303 374 420 480 515 546 578 594 664; 4 1 4 6 5 6 8 4 5 7
177.6; 5.150142161848558; True; 20 202 303 371 374 420 480 515 546 578 594 664; 5 1 4 7 5 7 7 4 4 7
178.1; 5.158362492095249; True; 20 142 202 254 303 374 420 480 546 578 594 664; 5 1 4 8 5 8 7 4 4 6
180.8; 5.191171455728559; True; 20 202 254 303 374 420 480 515 546 578 594 664; 5 1 4 7 5 7 7 4 5 6
188.1; 5.201123897207379; True; 20 202 303 374 420 480 513 515 546 578 594 664; 4 1 4 6 5 7 7 5 5 6
188.4; 5.206015876763344; True; 20 202 303 341 374 420 480 515 546 578 594 664; 5 1 4 6 6 7 8 4 4 7
190.1; 5.213517756996305; True; 20 254 303 341 374 420 480 515 546 578 594 664; 6 1 4 6 5 7 7 4 5 6
190.5; 5.2224563366792465; True; 20 202 254 303 374 420 480 513 546 578 594 664; 5 1 4 7 5 8 7 4 5 6
197.5; 5.224014811372864; True; 20 142 202 254 303 374 420 480 515 546 578 594 658; 5 1 4 8 5 7 7 4 5 7
198.8; 5.232996110392154; True; 20 88 202 254 303 374 420 480 546 578 594 664; 5 1 4 7 6 7 7 4 5 6
198.9; 5.237040791379191; True; 20 202 303 341 374 420 480 513 546 578 594 664; 5 1 4 6 6 8 8 4 4 7
199; 5.237794993273923; True; 20 142 202 303 374 420 448 480 515 546 578 594 664; 4 1 4 8 6 7 8 5 4 7
200.1; 5.253095585849032; True; 20 142 202 303 374 420 480 502 515 546 578 594 664; 4 1 5 7 5 7 7 5 4 7
200.9; 5.259832699063484; True; 20 142 254 303 374 420 448 480 515 546 578 594 664; 5 1 4 8 5 7 7 5 5 6
203; 5.261976191397813; True; 20 107 202 303 371 374 420 480 515 546 578 594 664; 5 1 4 7 5 7 8 4 5 8
203.4; 5.270911639410481; True; 20 142 202 254 303 374 420 480 502 546 578 594 664; 5 1 5 8 5 8 7 4 4 7
204.3; 5.291146761731886; True; 20 142 202 254 303 374 420 480 515 546 578 594 664; 5 1 4 8 5 8 7 5 5 6
206.2; 5.30362797638389; True; 20 202 254 303 374 420 480 502 515 546 578 594 664; 5 1 5 7 5 7 7 4 5 7
212.1; 5.325925955771466; True; 0 20 202 254 303 374 420 480 515 546 578 594 664; 5 1 5 7 5 7 8 4 5 7
216.4; 5.3275632601872775; True; 20 202 254 303 374 420 480 515 546 578 594 664 689; 5 1 5 7 5 7 7 4 6 6
217.8; 5.334654766883242; True; 20 202 254 303 374 420 480 502 513 546 578 594 664; 5 1 5 7 5 8 7 4 5 7
218.8; 5.337858429041094; True; 20 202 254 303 374 420 480 513 515 546 578 594 664; 5 1 4 7 5 8 7 5 6 6
219.1; 5.344981413927258; True; 20 202 254 303 341 374 420 480 515 546 578 594 664; 6 1 4 7 6 8 8 4 5 7
220.4; 5.348110068480238; True; 0 20 254 303 341 374 420 480 515 546 578 594 664; 6 1 5 6 5 7 8 4 5 7
223.6; 5.356981400993131; True; 0 20 202 254 303 374 420 480 513 546 578 594 664; 5 1 5 7 5 8 8 4 5 7
226; 5.359456020120986; True; 20 202 303 341 374 420 480 515 546 578 594 664 689; 5 1 5 6 6 7 8 4 5 7
227.3; 5.361538971269279; True; 20 110 202 254 303 374 420 480 546 578 594 664 689; 6 1 5 8 5 7 8 4 5 7
228.3; 5.3697722885969625; True; 20 202 303 341 374 420 480 513 515 546 578 594 664; 5 1 4 6 6 8 8 5 5 7
229.7; 5.385963570600698; True; 20 142 202 254 303 374 420 448 480 515 546 578 594 664; 5 1 4 9 6 8 8 5 5 7
230.7; 5.403463701345317; True; 20 142 202 254 303 374 420 480 502 515 546 578 594 664; 5 1 5 8 5 8 7 5 5 7
237.8; 5.404149249209695; True; 20 142 202 254 303 374 420 480 515 546 578 594 658 664; 6 1 4 9 5 8 7 5 6 7
239.2; 5.4067104586097905; True; 20 142 202 254 303 374 420 448 480 546 578 594 664 689; 5 1 5 9 6 8 8 4 5 7
240.3; 5.414471949629303; True; 20 142 202 303 341 374 420 480 502 515 546 578 594 664; 5 1 5 7 6 8 8 5 4 8
241; 5.418632687354066; True; 20 107 142 254 303 341 374 420 480 515 546 578 594 664; 6 1 4 7 5 8 8 5 6 7
241.9; 5.427486109095786; True; 20 142 202 254 303 374 420 480 515 546 578 594 664 689; 5 1 5 8 5 8 7 5 6 6
244.6; 5.438700532900737; True; 20 142 202 254 303 341 374 420 480 515 546 578 594 664; 6 1 4 8 6 9 8 5 5 7
246; 5.451479405124862; True; 0 20 142 254 303 341 374 420 480 515 546 578 594 664; 6 1 5 7 5 8 8 5 5 7
250.4; 5.453165392525857; True; 20 142 254 303 341 374 420 480 515 546 578 594 664 689; 6 1 5 7 5 8 7 5 6 6
252.3; 5.467163965969091; True; 0 20 202 254 303 341 374 420 480 515 546 578 594 664; 6 1 5 7 6 8 9 4 5 8
257.6; 5.481442628502305; True; 20 202 254 303 341 374 420 480 515 546 578 594 664 689; 6 1 5 7 6 8 8 4 6 7
261.9; 5.485579476984679; True; 20 202 254 303 341 374 420 480 513 515 546 578 594 664; 6 1 4 7 6 9 8 5 6 7
264.4; 5.498310553789601; True; 20 202 254 303 341 374 420 480 515 538 546 578 594 664; 6 1 5 8 6 8 8 5 5 7
267.9; 5.499824495839579; True; 20 110 202 303 341 374 420 480 515 546 578 594 664 689; 6 1 5 7 6 7 9 5 5 8
269.6; 5.5060989599284405; True; 20 202 303 341 374 420 480 513 515 546 578 594 664 689; 5 1 5 6 6 8 8 5 6 7
270.2; 5.506505032404872; True; 20 202 254 303 341 374 420 480 513 546 578 594 664 689; 6 1 5 7 6 9 8 4 6 7
270.9; 5.5082603055123345; True; 20 110 202 254 303 374 420 480 513 546 578 594 664 689; 6 1 5 8 5 8 8 5 6 7
273.3; 5.514680544124982; True; 20 97 110 254 303 341 374 420 480 546 578 594 664 689; 7 1 5 7 6 8 8 5 5 7
273.9; 5.528273777167044; True; 20 107 142 202 254 303 341 374 420 480 515 546 578 594 664; 6 1 4 8 6 9 9 5 6 8
277.3; 5.529173603261723; True; 20 142 202 254 303 374 420 480 515 546 578 594 658 664 689; 6 1 5 9 5 8 7 5 7 7
280; 5.535420718056173; True; 20 142 202 254 303 341 374 420 480 515 546 578 594 658 664; 7 1 4 9 6 9 8 5 6 8
282.7; 5.550350672301615; True; 20 142 202 303 341 374 420 480 502 515 546 578 594 664 689; 5 1 6 7 6 8 8 5 5 8
282.7; 5.552181338839336; True; 20 107 142 202 303 341 374 420 480 515 546 578 594 664 689; 5 1 5 7 6 8 9 5 6 8
284.6; 5.57030938543588; True; 0 20 142 254 303 341 374 420 480 515 546 578 594 664 689; 6 1 6 7 5 8 8 5 6 7
285.1; 5.575187844927661; True; 20 142 202 254 303 341 374 420 480 515 546 578 594 664 689; 6 1 5 8 6 9 8 5 6 7
292.4; 5.576571684065291; True; 20 110 142 254 303 341 374 420 480 515 546 578 594 664 689; 7 1 5 8 5 8 8 6 6 7
292.8; 5.586137025230793; True; 0 20 202 254 303 341 374 420 480 515 546 578 594 664 689; 6 1 6 7 6 8 9 4 6 8
299.1; 5.586699801624049; True; 20 142 202 303 341 374 420 480 513 515 546 578 594 664 689; 5 1 5 7 6 9 8 6 6 7
299.7; 5.595606434865603; True; 20 142 202 254 303 341 374 420 480 513 546 578 594 664 689; 6 1 5 8 6 10 8 5 6 7
301.5; 5.609060549930087; True; 20 110 202 254 303 341 374 420 480 515 546 578 594 664 689; 7 1 5 8 6 8 9 5 6 8
304.2; 5.610553705317095; True; 20 202 254 303 341 374 420 480 513 515 546 578 594 664 689; 6 1 5 7 6 9 8 5 7 7
306.8; 5.617105230502378; True; 20 202 254 303 341 374 420 480 515 538 546 578 594 664 689; 6 1 6 8 6 8 8 5 6 7
314.6; 5.61846649219908; True; 20 88 110 142 254 303 341 374 420 480 546 578 594 664 689; 7 1 5 8 6 8 8 6 6 7
316.1; 5.6341748717626; True; 20 110 202 254 303 341 374 420 480 513 546 578 594 664 689; 7 1 5 8 6 9 9 5 6 8
317.2; 5.662852233264796; True; 20 142 202 254 303 341 374 420 480 502 515 546 578 594 664 689; 6 1 6 8 6 9 8 5 6 8
322.3; 5.679881942112862; True; 0 20 142 202 254 303 341 374 420 480 515 546 578 594 664 689; 6 1 6 8 6 9 9 5 6 8
330.9; 5.68421679513888; True; 20 110 142 202 254 303 341 374 420 480 515 546 578 594 664 689; 7 1 5 9 6 9 9 6 6 8
338.6; 5.691611874214416; True; 20 110 202 254 301 303 341 374 420 480 515 546 578 594 664 689; 7 1 6 8 6 8 9 5 6 9
338.7; 5.70035752782266; True; 0 20 142 202 254 303 341 374 420 480 513 546 578 594 664 689; 6 1 6 8 6 10 9 5 6 8
345.9; 5.704322140822235; True; 20 88 202 254 303 341 374 420 480 502 515 546 578 594 664 689; 6 1 6 7 7 8 8 5 7 8
348.3; 5.712397131406715; True; 20 97 110 202 254 303 341 374 420 480 515 546 578 594 664 689; 7 1 5 8 7 9 9 6 6 8
353; 5.7215633183574806; True; 20 110 202 254 303 341 374 420 480 513 515 546 578 594 664 689; 7 1 5 8 6 9 9 6 7 8
360.6; 5.727622577969138; True; 20 88 110 202 254 303 341 374 420 480 515 546 578 594 664 689; 7 1 5 8 7 8 9 6 7 8
363.9; 5.735918116531297; True; 0 20 88 110 202 254 303 341 374 420 480 546 578 594 664 689; 7 1 6 8 7 8 10 5 6 9
366; 5.753199914199416; True; 20 107 110 142 202 254 303 341 374 420 480 515 546 578 594 664 689; 7 1 5 9 6 9 10 6 7 9
379.2; 5.764549719064467; True; 20 96 97 142 202 254 303 341 374 420 480 515 546 578 594 664 689; 6 1 6 9 7 10 8 6 6 8
387.9; 5.766487206239694; True; 20 78 107 142 202 254 303 341 374 420 480 515 546 578 594 664 689; 6 1 5 9 7 9 9 6 8 8
388.4; 5.7844033017530085; True; 0 20 130 142 202 254 303 341 374 420 480 513 546 578 594 664 689; 7 1 6 9 7 10 10 5 6 9
397.4; 5.7886632131208575; True; 20 97 110 202 254 303 341 374 377 420 480 515 546 578 594 664 689; 7 1 5 8 7 9 9 7 7 8
400.5; 5.794488046659169; True; 20 107 202 254 303 341 374 420 480 513 515 546 578 582 594 664 689; 6 1 6 7 6 9 9 6 8 8
408.1; 5.794975744051132; True; 20 69 142 202 254 303 341 374 420 480 515 546 578 594 664 669 689; 7 1 6 8 7 9 9 6 6 9
410.6; 5.796018969347149; True; 20 142 202 254 303 341 374 420 480 515 537 546 578 594 664 669 689; 6 1 6 8 6 9 10 6 7 9
411.6; 5.812043897930226; True; 20 88 110 142 202 254 303 341 374 420 480 513 546 578 594 664 689; 7 1 5 9 7 10 9 7 7 8
413.8; 5.815843290663267; True; 20 110 142 202 254 303 341 374 420 480 515 546 578 594 664 669 689; 7 1 6 9 6 9 10 7 6 9
417.8; 5.8277568629786165; True; 20 88 110 202 254 303 341 374 420 480 502 538 546 578 594 664 689; 7 1 7 9 7 8 9 6 6 9
421.6; 5.83110156450136; True; 0 20 142 202 254 303 341 374 420 480 513 546 578 594 664 669 689; 6 1 7 8 6 10 10 6 6 9
424.2; 5.834420703681532; True; 20 88 142 202 254 303 341 374 420 480 515 546 578 594 664 669 689; 6 1 6 8 7 9 9 7 7 8
424.6; 5.838786144946595; True; 20 142 202 254 301 303 341 374 420 480 513 515 546 576 578 594 664 689; 6 1 6 8 6 10 8 7 8 8
435.8; 5.849910558301496; True; 20 97 202 254 303 341 374 420 480 513 515 546 578 594 664 669 689; 6 1 6 7 7 10 9 7 7 8
435.9; 5.853211334503317; True; 20 110 202 254 303 341 374 420 480 513 515 546 578 594 664 669 689; 7 1 6 8 6 9 10 7 7 9
440.7; 5.863203859028629; True; 20 110 202 254 303 341 374 420 480 502 507 513 546 576 578 594 664 689; 7 1 6 9 7 9 10 6 7 10
451.6; 5.871222556759707; True; 20 97 168 202 254 303 341 374 420 480 513 515 546 578 594 664 689; 7 1 6 7 7 10 9 7 7 8
454; 5.878579238062219; True; 0 20 97 168 202 254 303 341 374 420 480 513 546 578 594 664 689; 7 1 7 7 7 10 10 6 6 9
464.1; 5.882068944436148; True; 20 88 142 199 202 254 303 341 374 420 480 515 546 578 594 664 669 689; 6 1 6 8 7 9 9 7 8 9
468.8; 5.887335930399167; True; 20 78 110 202 254 303 341 374 420 480 513 546 578 594 664 669 689; 7 1 6 9 7 9 10 7 7 9
474; 5.903198547042979; True; 20 168 202 254 303 341 374 420 480 513 515 546 578 594 664 669 689; 7 1 7 7 6 9 10 7 7 9
480.6; 5.909288524162251; True; 20 88 168 202 254 303 341 374 420 480 515 546 578 594 664 669 689; 7 1 7 7 7 8 10 7 7 9
488.1; 5.914448940698554; True; 20 88 142 185 202 254 303 341 374 420 480 538 546 578 594 664 669 689; 6 1 7 10 7 10 9 7 7 8
491.8; 5.927010868975651; True; 20 88 97 202 254 303 341 374 420 480 515 546 578 594 658 664 669 689; 7 1 6 8 8 9 9 7 8 9
495.3; 5.934346926738256; True; 20 88 168 202 254 303 341 374 420 480 513 546 578 594 664 669 689; 7 1 7 7 7 9 10 7 7 9
503.9; 5.9393195310782385; True; 20 78 168 202 254 303 341 374 420 480 513 546 578 594 664 669 689; 7 1 7 8 7 9 10 7 7 9
510.3; 5.946304854993475; True; 20 88 110 202 254 303 341 374 420 480 515 521 546 578 594 664 669 689; 7 1 7 8 7 8 10 7 8 9
520.2; 5.950413539369381; True; 20 97 107 142 202 254 303 341 371 374 420 480 513 546 578 594 664 669 689; 7 1 6 9 7 12 10 7 7 10
526.1; 5.954821183051793; True; 20 168 202 253 254 303 341 374 420 480 513 515 546 578 594 664 669 689; 7 1 7 7 7 10 10 7 7 9
528.5; 5.969136233596712; True; 20 88 142 168 202 254 303 341 374 420 480 546 578 594 658 664 669 689; 8 1 7 9 7 9 10 7 7 10
535.9; 5.974327435423617; True; 20 78 168 185 202 254 303 341 374 420 480 515 546 578 594 664 669 689; 7 1 7 9 7 9 10 7 8 9
538.6; 5.987755616738523; True; 20 88 142 168 202 254 303 341 374 420 480 513 546 578 594 664 669 689; 7 1 7 8 7 10 10 8 7 9
557.2; 5.9882913419074875; True; 20 78 168 202 254 303 341 353 374 420 480 515 546 578 594 664 669 689; 7 1 8 8 7 8 10 8 7 9
562; 5.989360813776248; True; 20 78 168 254 303 307 341 374 420 480 513 515 546 578 594 664 669 689; 8 1 7 8 7 8 10 8 8 9
564.8; 5.993744756554462; True; 20 110 168 202 254 303 341 374 420 480 513 546 578 593 594 664 669 689; 8 1 7 8 6 10 11 8 7 10
567.5; 6.007320952922745; True; 20 78 110 168 202 254 303 341 374 420 480 513 546 578 594 664 669 689; 8 1 7 9 7 9 11 8 7 10
573.7; 6.008600171761918; True; 20 88 168 202 254 303 341 374 420 449 480 513 546 578 594 664 669 689; 7 1 8 7 7 9 10 8 7 9
573.9; 6.013258665283517; True; 20 78 168 202 254 303 341 353 374 420 480 513 546 578 594 664 669 689; 7 1 8 8 7 9 10 8 7 9
579.9; 6.019946681678842; True; 20 78 168 202 254 303 341 374 420 480 513 546 578 593 594 664 669 689; 7 1 7 8 7 10 10 8 8 9
599.7; 6.03382569395331; True; 20 69 168 202 254 303 341 374 390 420 480 513 515 546 578 594 664 669 689; 8 1 7 8 7 10 11 8 7 11
609.9; 6.036628895362162; True; 0 20 88 96 168 254 303 341 374 420 480 513 546 578 594 658 664 669 689; 8 1 9 8 6 8 10 7 8 11
629.9; 6.050379756261458; True; 20 88 110 168 202 254 303 341 374 420 421 480 513 546 578 594 664 669 689; 8 1 8 8 7 9 11 8 7 10
633.6; 6.06333335895175; True; 0 20 88 113 168 202 254 303 341 374 420 480 513 546 578 594 664 669 689; 7 1 8 8 8 9 11 7 8 10
674.5; 6.063708559391417; True; 20 78 142 168 200 254 303 341 365 374 420 480 507 513 546 578 594 664 669 689; 7 1 7 10 7 11 10 9 8 9
676.3; 6.06595298031387; True; 20 35 88 142 168 202 254 303 319 341 374 420 480 513 546 578 594 664 669 689; 7 1 8 8 7 10 10 8 8 9
678.4; 6.066698550422995; True; 20 88 142 168 202 254 303 333 341 374 420 471 480 513 546 578 594 664 669 689; 8 1 7 8 9 10 11 8 7 10
688.7; 6.071145290451083; True; 20 78 168 194 202 254 303 307 341 374 420 480 513 515 546 578 594 664 669 689; 8 1 7 9 8 9 12 8 8 10
692; 6.094471128641645; True; 3 20 78 110 202 254 303 341 374 380 420 463 480 513 515 546 578 594 664 669 689; 9 1 7 9 8 10 11 8 8 10
707.7; 6.098989639401177; True; 20 78 88 168 185 202 303 341 374 420 435 480 513 546 578 594 658 664 669 689; 8 1 7 10 9 9 10 8 9 10
731.1; 6.105169427999332; True; 20 78 168 202 254 303 341 374 390 420 480 546 578 585 593 594 623 664 669 689; 8 1 8 9 7 10 11 9 7 11
737.8; 6.1185953652237615; True; 20 21 78 168 182 202 254 303 341 374 387 420 480 513 546 578 594 664 669 689; 8 1 7 9 9 11 11 8 8 10
752.4; 6.1303337684950066; True; 3 20 88 119 168 254 259 303 335 341 374 390 420 480 515 546 578 594 664 669 689; 9 1 8 9 8 10 10 8 8 10
