M: 12
Instance: 1
Algorithm: NSGA-II
Iteration: 600
Population Size: 1000
Running Time:  4.415e+04 seconds
Required Skills:  0 1 4 5 9 10 11 14 16 18 23 24 
Distance; Skill Score; isValid; Team; Skill Counts
11.84; 0.4692327425066125; True; 23 367 684; 1 1 1 2 2 1 1 1 1 1 1 1
12.82; 0.5093369580176432; True; 367 459 519; 1 1 1 2 1 1 1 1 2 1 1 1
15.84; 0.6618126855372619; True; 204 367 519; 1 1 1 1 1 1 1 1 2 2 1 1
17.13; 0.8057726319356693; True; 1 117 310 367; 1 1 1 2 1 1 2 2 1 1 1 1
18.02; 0.8140477209955996; True; 117 367 601 815; 1 1 1 3 1 1 1 2 1 1 1 2
18.63; 1.0145205387579246; True; 160 364 367 684; 2 1 1 3 2 1 1 1 1 1 1 2
18.64; 1.0659529803138703; True; 364 367 415 684; 2 1 1 3 1 1 1 2 1 1 1 2
18.65; 1.1341771075767664; True; 23 174 310 367; 1 1 1 2 3 1 2 2 1 1 1 1
18.71; 1.3653007486379867; True; 23 367 558 684; 1 1 1 2 3 2 1 1 2 1 1 2
18.75; 1.4375920322539617; True; 23 174 367 684; 1 1 1 3 3 1 2 2 1 2 1 1
19.54; 1.6407794773448572; True; 23 246 367 684; 1 1 1 2 3 2 1 2 2 1 1 2
19.62; 1.6628522332647968; True; 23 310 367 684; 2 1 1 2 3 1 2 2 1 1 2 1
20.63; 1.7052648623174047; True; 367 601 684 739; 2 1 1 3 2 1 1 3 2 1 1 2
20.64; 1.9245893856694174; True; 23 367 684 739; 2 1 1 3 3 2 1 2 2 1 1 2
23.46; 1.9604232070778291; True; 367 459 519 739; 2 1 1 3 2 2 1 2 3 1 1 2
23.56; 2.024895960107486; True; 367 519 601 684; 1 1 1 3 2 1 2 3 2 2 2 1
23.71; 2.125806458139527; True; 367 459 519 684; 2 1 1 3 2 1 2 2 2 2 2 1
24.69; 2.2442771208018435; True; 23 367 519 684; 1 1 1 3 3 2 2 2 2 2 2 1
26.61; 2.2878017299302265; True; 23 174 367 558 684; 1 1 1 3 4 2 2 2 2 2 1 2
27.44; 2.3864989655506523; True; 1 117 160 367 684; 2 1 1 4 2 2 2 2 2 2 1 2
27.7; 2.3960248966085924; True; 1 310 367 415 684; 3 1 1 3 2 1 2 3 2 1 2 2
28.24; 2.5375672571526753; True; 117 160 367 601 684; 2 1 1 4 2 2 2 3 2 2 1 2
29.44; 2.6009728956867484; True; 310 367 601 684 739; 3 1 1 3 3 1 2 4 2 1 2 2
29.53; 2.700530656978591; True; 23 174 367 684 739; 2 1 1 4 4 2 2 3 2 2 1 2
30.36; 2.7053504628857112; True; 23 226 367 684 739; 2 1 1 4 4 2 2 3 2 1 2 2
30.39; 2.7769915848564057; True; 23 310 367 684 723; 2 1 2 3 3 2 2 2 2 1 2 2
30.41; 2.8249714611236936; True; 23 310 367 684 739; 3 1 1 3 4 2 2 3 2 1 2 2
34.14; 2.8780044702680243; True; 310 367 519 601 739; 2 1 1 3 3 2 2 4 3 1 2 2
34.25; 2.9067120569429648; True; 310 367 459 519 739; 3 1 1 3 3 2 2 3 3 1 2 2
34.4; 2.979184033674418; True; 367 459 519 601 684; 2 1 2 4 2 1 2 3 3 2 2 2
35.36; 3.0549958615291413; True; 367 415 519 601 684; 2 1 1 4 2 2 2 4 3 2 2 2
36.21; 3.0588054866759062; True; 1 367 519 684 739; 2 1 1 4 3 2 2 3 3 2 2 2
36.21; 3.1592663310934945; True; 367 519 601 684 739; 2 1 1 4 3 2 2 4 3 2 2 2
36.34; 3.188084373714938; True; 367 459 519 684 739; 3 1 1 4 3 2 2 3 3 2 2 2
36.47; 3.198657086954423; True; 23 367 459 519 684; 2 1 2 4 3 2 2 2 3 2 2 2
37.21; 3.259354927308035; True; 23 367 519 684 739; 2 1 1 4 4 3 2 3 3 2 2 2
39.06; 3.262688344301697; True; 23 174 310 367 601 684; 2 1 2 4 4 1 3 4 2 2 2 2
39.19; 3.2913688504515832; True; 23 174 310 367 459 684; 3 1 2 4 4 1 3 3 2 2 2 2
40.25; 3.4281347940287894; True; 23 174 310 367 684 723; 2 1 2 4 4 2 3 3 2 2 2 2
42.95; 3.504062882678692; True; 23 310 367 601 684 739; 3 1 2 4 4 2 2 4 3 1 2 3
43.17; 3.5456781497920264; True; 23 310 367 684 723 739; 3 1 2 4 4 3 2 3 3 1 2 3
46.05; 3.6257239095257567; True; 310 367 459 519 601 684; 3 1 2 4 3 1 3 4 3 2 3 2
47.13; 3.659440781870318; True; 1 310 367 519 684 739; 3 1 1 4 4 2 3 4 3 2 3 2
47.99; 3.732393759822969; True; 310 367 519 601 684 739; 3 1 1 4 4 2 3 5 3 2 3 2
48.13; 3.7394932307816156; True; 310 367 459 519 684 739; 4 1 1 4 4 2 3 4 3 2 3 2
48.95; 3.8210547550468874; True; 23 310 367 519 601 684; 2 1 2 4 4 2 3 4 3 2 3 2
49.09; 3.849726444196328; True; 23 310 367 459 519 684; 3 1 2 4 4 2 3 3 3 2 3 2
50.04; 3.871047261305499; True; 23 174 310 367 459 558 684; 3 1 2 4 5 2 3 3 3 2 2 3
50.86; 3.881840968324928; True; 23 367 519 601 684 739; 2 1 2 5 4 3 2 4 4 2 2 3
50.97; 3.910571048481259; True; 23 367 459 519 684 739; 3 1 2 5 4 3 2 3 4 2 2 3
52.84; 3.9191827290425003; True; 23 174 226 367 601 684 739; 2 1 2 6 5 2 3 5 3 2 2 3
53.52; 3.9715077817112565; True; 23 174 246 310 367 459 684; 3 1 2 4 5 2 3 4 3 2 2 3
53.65; 3.9843922785242647; True; 23 174 246 310 367 684 723; 2 1 2 4 5 3 3 4 3 2 2 3
53.82; 4.047274867384179; True; 23 174 310 367 601 684 739; 3 1 2 5 5 2 3 5 3 2 2 3
53.93; 4.054613054556888; True; 23 174 310 367 459 684 739; 4 1 2 5 5 2 3 4 3 2 2 3
55.01; 4.116607743988249; True; 23 174 310 367 684 723 739; 3 1 2 5 5 3 3 4 3 2 2 3
60.67; 4.181271771559461; True; 310 367 459 519 601 640 684; 3 1 2 5 4 2 3 4 4 2 3 3
61.75; 4.189209489582306; True; 23 174 310 367 519 601 684; 2 1 2 5 5 2 4 5 3 3 3 2
61.87; 4.250663919463244; True; 174 367 459 519 601 684 739; 3 1 2 6 4 2 3 5 4 3 2 3
62.67; 4.254306332331286; True; 1 310 367 519 601 684 739; 3 1 2 5 4 2 3 5 4 2 3 3
62.67; 4.334453751150931; True; 310 367 459 519 601 684 739; 4 1 2 5 4 2 3 5 4 2 3 3
63.59; 4.347330015316951; True; 23 310 367 459 519 601 684; 3 1 3 5 4 2 3 4 4 2 3 3
64.76; 4.355259905527379; True; 23 174 367 459 519 684 739; 3 1 2 6 5 3 3 4 4 3 2 3
65.45; 4.3560258571931225; True; 23 246 310 367 459 519 684; 3 1 2 4 5 3 3 4 4 2 3 3
65.45; 4.431846045698726; True; 23 310 367 519 601 684 739; 3 1 2 5 5 3 3 5 4 2 3 3
65.57; 4.439016728387513; True; 23 310 367 459 519 684 739; 4 1 2 5 5 3 3 4 4 2 3 3
66.67; 4.450864692379766; True; 23 310 367 519 684 723 739; 3 1 2 5 5 4 3 4 4 2 3 3
68.45; 4.472756449317212; True; 23 174 310 367 459 601 684 739; 4 1 3 6 5 2 3 5 4 2 2 4
70.35; 4.482158695411276; True; 23 174 246 310 367 684 723 739; 3 1 2 5 6 4 3 5 4 2 2 4
70.49; 4.534787358629492; True; 23 174 310 367 601 684 723 739; 3 1 3 6 5 3 3 5 4 2 2 4
70.6; 4.541828766781312; True; 23 174 310 367 459 684 723 739; 4 1 3 6 5 3 3 4 4 2 2 4
73.73; 4.546666025070184; True; 174 310 367 459 519 558 601 684; 3 1 2 5 5 2 4 5 4 3 3 3
74.48; 4.547528576459782; True; 174 310 367 459 519 601 640 684; 3 1 2 6 5 2 4 5 4 3 3 3
76.51; 4.683407299132095; True; 174 310 367 459 519 601 684 739; 4 1 2 6 5 2 4 6 4 3 3 3
77.38; 4.713490543093942; True; 23 174 310 367 459 519 601 684; 3 1 3 6 5 2 4 5 4 3 3 3
80.24; 4.767823498007517; True; 23 174 310 367 519 601 684 739; 3 1 2 6 6 3 4 6 4 3 3 3
80.36; 4.792111409087168; True; 23 174 310 367 459 519 684 739; 4 1 2 6 6 3 4 5 4 3 3 3
82.07; 4.830203598925704; True; 23 310 367 459 519 601 684 739; 4 1 3 6 5 3 3 5 5 2 3 4
84.13; 4.84210976344061; True; 23 310 367 519 601 684 723 739; 3 1 3 6 5 4 3 5 5 2 3 4
84.25; 4.849235091314722; True; 23 310 367 459 519 684 723 739; 4 1 3 6 5 4 3 4 5 2 3 4
86.9; 4.874655732598101; True; 23 174 226 310 367 601 684 723 739; 3 1 3 7 6 3 4 6 4 2 3 4
87.08; 4.88024177589548; True; 23 147 174 310 367 601 684 723 739; 3 1 3 7 6 3 4 5 4 2 3 5
87.15; 4.887335930399167; True; 23 147 174 310 367 459 684 723 739; 4 1 3 7 6 3 4 4 4 2 3 5
87.88; 4.898944466866509; True; 23 174 226 310 367 459 684 723 739; 4 1 3 7 6 3 4 5 4 2 3 4
92.53; 4.927678264137992; True; 23 117 174 310 367 459 601 684 739; 4 1 3 7 5 3 4 6 4 3 2 4
93.1; 4.937718443617264; True; 174 310 367 459 519 601 632 684 739; 4 1 3 7 5 2 4 6 4 3 3 4
93.12; 4.9771289005806825; True; 147 174 310 367 459 519 601 684 739; 4 1 2 7 6 2 5 6 4 3 4 4
93.95; 5.007320952922744; True; 23 147 174 310 367 459 519 601 684; 3 1 3 7 6 2 5 5 4 3 4 4
94.13; 5.02938377768521; True; 23 174 310 367 459 519 558 601 684; 3 1 3 6 6 3 4 5 5 3 3 4
96.28; 5.048441803550404; True; 23 174 310 367 459 519 558 684 723; 3 1 3 6 6 4 4 4 5 3 3 4
97.06; 5.091315159697223; True; 23 147 174 367 459 519 601 684 739; 3 1 3 8 6 3 4 5 5 3 3 5
97.84; 5.165541076722373; True; 23 174 310 367 459 519 601 684 739; 4 1 3 7 6 3 4 6 5 3 3 4
100.9; 5.177536499929862; True; 23 174 310 367 519 601 684 723 739; 3 1 3 7 6 4 4 6 5 3 3 4
101; 5.201670179646581; True; 23 174 310 367 459 519 684 723 739; 4 1 3 7 6 4 4 5 5 3 3 4
107.9; 5.211654400553183; True; 23 310 367 459 519 601 684 739 821; 5 1 3 7 6 3 3 6 5 3 4 4
108.9; 5.235023159495223; True; 23 117 310 367 459 519 601 684 739; 4 1 3 7 5 4 4 6 5 3 3 4
110; 5.249442961442583; True; 23 310 367 519 601 684 723 739 821; 4 1 3 7 6 4 3 6 5 3 4 4
111.7; 5.2884728005997825; True; 23 147 174 310 367 459 519 558 601 684; 3 1 3 7 7 3 5 5 5 3 4 5
114.7; 5.289588952542597; True; 23 147 174 367 459 519 601 650 684 739; 3 1 3 9 6 3 4 5 5 4 4 5
114.8; 5.307496037913213; True; 23 147 174 310 367 459 519 558 684 723; 3 1 3 7 7 4 5 4 5 3 4 5
115.4; 5.344392273685111; True; 23 147 174 226 367 459 519 601 684 739; 3 1 3 9 7 3 5 6 5 3 4 5
115.7; 5.344588742578714; True; 23 174 310 367 459 519 558 601 684 723; 3 1 4 7 6 4 4 5 6 3 3 5
116.3; 5.363987829748491; True; 23 174 310 367 459 519 601 650 684 739; 4 1 3 8 6 3 4 6 5 4 4 4
116.4; 5.424391554410278; True; 23 147 174 310 367 459 519 601 684 739; 4 1 3 8 7 3 5 6 5 3 4 5
120.4; 5.480438147177817; True; 23 174 310 367 459 519 601 684 723 739; 4 1 4 8 6 4 4 6 6 3 3 5
129.5; 5.501880493755059; True; 23 117 147 310 367 459 519 601 684 739; 4 1 3 8 6 4 5 6 5 3 4 5
129.7; 5.514547752660286; True; 23 174 310 367 519 601 684 723 739 821; 4 1 3 8 7 4 4 7 5 4 4 4
130.7; 5.524525936626376; True; 23 174 310 367 459 519 684 723 739 821; 5 1 3 8 7 4 4 6 5 4 4 4
131.3; 5.537567257152675; True; 23 106 174 310 367 459 519 601 684 739; 4 1 3 8 6 4 5 6 5 4 4 4
135.2; 5.5870371177434555; True; 23 147 174 310 367 459 519 558 601 684 723; 3 1 4 8 7 4 5 5 6 3 4 6
135.9; 5.595385980809142; True; 23 147 174 310 367 459 519 601 650 684 739; 4 1 3 9 7 3 5 6 5 4 5 5
136.1; 5.617419746737177; True; 23 147 174 310 367 459 519 558 601 684 739; 4 1 3 8 8 4 5 6 6 3 4 6
138.7; 5.617524534886292; True; 23 147 174 310 367 459 519 601 640 684 739; 4 1 3 9 8 4 5 6 6 3 4 6
139.2; 5.6266482684740105; True; 23 147 174 310 367 459 519 558 684 723 739; 4 1 3 8 8 5 5 5 6 3 4 6
139.6; 5.64276120326532; True; 23 147 174 246 310 367 459 519 601 684 723; 3 1 4 8 7 4 5 6 6 3 4 6
140.1; 5.64276120326532; True; 23 147 174 226 367 459 519 601 684 723 739; 3 1 4 10 7 4 5 6 6 3 4 6
140.4; 5.66143405039392; True; 23 147 174 246 310 367 459 519 601 684 739; 4 1 3 8 8 4 5 7 6 3 4 6
140.9; 5.662380020016248; True; 23 132 174 310 367 459 519 601 684 723 739; 4 1 4 8 6 4 4 6 7 3 4 6
140.9; 5.722798396870905; True; 23 147 174 310 367 459 519 601 684 723 739; 4 1 4 9 7 4 5 6 6 3 4 6
149.6; 5.7383047930741045; True; 23 147 174 367 459 519 601 684 723 739 821; 4 1 4 10 7 4 4 6 6 4 4 6
152.1; 5.791480116020001; True; 23 174 310 367 459 519 601 684 723 739 821; 5 1 4 9 7 4 4 7 6 4 4 5
157.9; 5.825426117767823; True; 23 106 174 310 367 459 519 601 684 723 739; 4 1 4 9 6 5 5 6 6 4 4 5
161.6; 5.866700756042499; True; 23 147 174 310 367 459 519 558 601 684 723 739; 4 1 4 9 8 5 5 6 7 3 4 7
163.3; 5.893761762057943; True; 23 147 174 310 367 459 519 601 650 684 723 739; 4 1 4 10 7 4 5 6 6 4 5 6
164.1; 5.914290255665949; True; 23 147 174 226 310 367 459 519 601 684 723 739; 4 1 4 10 8 4 6 7 6 3 5 6
173.4; 5.947286644677798; True; 23 147 174 246 310 367 459 519 601 684 723 821; 4 1 4 9 8 4 5 7 6 4 5 6
173.9; 5.9473356759487395; True; 23 147 174 226 367 459 519 601 684 723 739 821; 4 1 4 11 8 4 5 7 6 4 5 6
175.2; 5.95525468282018; True; 23 147 174 310 367 415 459 519 601 684 723 739; 5 1 4 10 7 5 5 7 7 3 4 7
175.6; 6.001300933020418; True; 23 147 174 310 367 459 519 601 684 723 739 821; 5 1 4 10 8 4 5 7 6 4 5 6
181.3; 6.022840610876528; True; 23 106 147 174 310 367 459 519 601 684 723 739; 4 1 4 10 7 5 6 6 6 4 5 6
186.4; 6.037824750588342; True; 23 147 174 226 310 367 459 519 601 684 723 739 762; 5 1 4 11 8 4 6 7 7 3 5 7
186.6; 6.040206627574711; True; 23 132 147 174 226 310 367 459 519 601 684 723 739; 4 1 4 10 8 4 6 7 7 3 6 7
186.7; 6.054995861529141; True; 23 147 174 226 310 367 459 519 558 601 684 723 739; 4 1 4 10 9 5 6 7 7 3 5 7
187.4; 6.06781451116184; True; 23 147 174 226 310 367 459 519 601 650 684 723 739; 4 1 4 11 8 4 6 7 6 4 6 6
190.3; 6.08170727009735; True; 23 147 174 246 310 367 459 519 601 650 684 723 739; 4 1 4 10 8 5 5 7 7 4 5 7
191.1; 6.090610707828406; True; 23 147 174 226 246 310 367 459 519 601 684 723 739; 4 1 4 10 9 5 6 8 7 3 5 7
199.1; 6.142076461073285; True; 23 147 174 310 367 459 519 558 601 684 723 739 821; 5 1 4 10 9 5 5 7 7 4 5 7
201.7; 6.163757523981956; True; 23 147 174 226 310 367 459 519 601 684 723 739 821; 5 1 4 11 9 4 6 8 6 4 6 6
203.4; 6.177536499929862; True; 23 147 174 246 310 367 459 519 601 684 723 739 821; 5 1 4 10 9 5 5 8 7 4 5 7
207.5; 6.184975190698261; True; 23 106 147 174 226 310 367 459 519 601 684 723 739; 4 1 4 11 8 5 7 7 6 4 6 6
210.3; 6.193958978019187; True; 23 106 147 174 246 310 367 459 519 601 684 723 739; 4 1 4 10 8 6 6 7 7 4 5 7
211.9; 6.20002926655377; True; 23 117 147 174 310 367 415 459 519 601 684 723 739; 5 1 4 11 7 6 6 8 7 4 4 7
212.8; 6.209515014542631; True; 23 147 174 310 367 415 459 519 601 684 723 739 821; 6 1 4 11 8 5 5 8 7 4 5 7
215.2; 6.235528446907549; True; 23 117 147 174 310 367 459 519 601 684 723 739 821; 5 1 4 11 8 5 6 8 6 5 5 6
216.4; 6.244277120801843; True; 23 147 174 226 246 310 367 459 519 601 650 684 723 739; 4 1 4 11 9 5 6 8 7 4 6 7
220.9; 6.2564772062416765; True; 23 106 147 174 310 367 459 519 601 684 723 739 821; 5 1 4 11 8 5 6 7 6 5 6 6
226.7; 6.292034435994736; True; 23 147 174 226 310 367 415 459 519 601 650 684 723 739; 5 1 4 12 8 5 6 8 7 4 6 7
227.2; 6.302330928684399; True; 23 147 174 226 310 367 459 519 558 601 684 723 739 821; 5 1 4 11 10 5 6 8 7 4 6 7
231.5; 6.331629717629932; True; 23 147 174 226 246 310 367 459 519 601 684 723 739 821; 5 1 4 11 10 5 6 9 7 4 6 7
238.4; 6.344392273685111; True; 23 106 147 174 226 246 310 367 459 519 601 684 723 739; 4 1 4 11 9 6 7 8 7 4 6 7
239.4; 6.364738555055399; True; 23 117 147 174 226 310 367 415 459 519 601 684 723 739; 5 1 4 12 8 6 7 9 7 4 5 7
240.9; 6.3656751404559175; True; 23 147 174 226 310 367 415 459 519 601 684 723 739 821; 6 1 4 12 9 5 6 9 7 4 6 7
243.6; 6.379668034033654; True; 23 117 147 174 226 310 367 459 519 601 684 723 739 821; 5 1 4 12 9 5 7 9 6 5 6 6
246.4; 6.3886339693517895; True; 23 117 147 174 246 310 367 459 519 601 684 723 739 821; 5 1 4 11 9 6 6 9 7 5 5 7
248.7; 6.391993072259713; True; 23 106 147 174 226 310 367 415 459 519 601 684 723 739; 5 1 4 12 8 6 7 8 7 4 6 7
249.9; 6.395326393069351; True; 23 106 147 174 226 310 367 459 519 601 684 723 739 821; 5 1 4 12 9 5 7 8 6 5 7 6
252.7; 6.416141031168329; True; 23 106 147 174 246 310 367 459 519 601 684 723 739 821; 5 1 4 11 9 6 6 8 7 5 6 7
253.3; 6.420615770625765; True; 23 117 147 174 310 367 415 459 519 601 684 723 739 821; 6 1 4 12 8 6 6 9 7 5 5 7
258.7; 6.423737249982329; True; 23 147 174 226 246 310 367 459 519 601 684 723 739 762 821; 6 1 4 12 10 5 6 9 8 4 6 8
262.2; 6.432488255770506; True; 23 106 117 147 174 310 367 415 459 519 601 684 723 739; 5 1 4 12 7 7 7 8 7 5 5 7
263; 6.4480876666923415; True; 23 106 147 174 310 367 415 459 519 601 684 723 739 821; 6 1 4 12 8 6 6 8 7 5 6 7
265.8; 6.457427692946484; True; 23 106 147 174 226 246 310 367 459 519 601 632 684 723 739; 4 1 5 12 9 6 7 8 7 4 6 8
267.8; 6.4750898033890065; True; 23 117 132 147 174 226 310 367 415 459 519 601 684 723 739; 5 1 4 12 8 6 7 9 8 4 6 8
267.9; 6.477699928332131; True; 23 117 147 174 226 310 367 415 459 519 601 632 684 723 739; 5 1 5 13 8 6 7 9 7 4 5 8
269.3; 6.478710755512759; True; 23 147 174 226 310 367 415 459 519 601 632 684 723 739 821; 6 1 5 13 9 5 6 9 7 4 6 8
270.1; 6.480294460003006; True; 23 147 174 226 310 367 415 459 519 601 650 684 723 739 821; 6 1 4 13 9 5 6 9 7 5 7 7
271.9; 6.487421211359474; True; 23 117 147 174 226 310 367 459 519 601 684 723 739 762 821; 6 1 4 13 9 5 7 9 7 5 6 7
272.1; 6.501606922418829; True; 23 117 147 174 226 310 367 459 519 558 601 684 723 739 821; 5 1 4 12 10 6 7 9 7 5 6 7
272.2; 6.505421327583281; True; 1 23 117 147 174 226 310 367 415 459 519 601 684 723 739; 5 1 5 13 8 6 7 9 8 4 5 8
275.2; 6.506369717095504; True; 1 23 147 174 226 310 367 415 459 519 601 684 723 739 821; 6 1 5 13 9 5 6 9 8 4 6 8
276.8; 6.525951341248012; True; 23 117 147 174 226 246 310 367 459 519 601 684 723 739 821; 5 1 4 12 10 6 7 10 7 5 6 7
279.7; 6.5298151966446305; True; 1 23 117 147 174 226 310 367 415 459 519 601 684 723 821; 5 1 5 13 8 5 7 9 7 5 6 7
283.1; 6.532754378992498; True; 1 23 106 147 174 226 310 367 415 459 519 601 684 723 739; 5 1 5 13 8 6 7 8 8 4 6 8
283.6; 6.533644978798763; True; 23 117 147 174 310 367 415 459 519 601 632 684 723 739 821; 6 1 5 13 8 6 6 9 7 5 5 8
283.7; 6.5464192668351915; True; 23 106 147 174 226 246 310 367 459 519 601 684 723 739 821; 5 1 4 12 10 6 7 9 7 5 7 7
283.8; 6.559906625036112; True; 23 117 147 174 226 310 367 415 459 519 601 684 723 739 821; 6 1 4 13 9 6 7 10 7 5 6 7
288; 6.561339941458901; True; 1 23 117 147 174 310 367 415 459 519 601 684 723 739 821; 6 1 5 13 8 6 6 9 8 5 5 8
291.9; 6.564547711755948; True; 23 117 147 174 226 310 367 415 432 459 519 601 684 723 739; 5 1 5 12 8 6 8 9 7 5 5 7
292.7; 6.5711262770843115; True; 23 106 117 147 174 226 310 367 415 459 519 601 684 723 739; 5 1 4 13 8 7 8 9 7 5 6 7
294; 6.574262829707027; True; 23 147 174 226 310 367 415 432 459 519 601 684 723 739 821; 6 1 5 12 9 5 7 9 7 5 6 7
294.1; 6.580468783951002; True; 23 106 147 174 226 310 367 415 459 519 601 684 723 739 821; 6 1 4 13 9 6 7 9 7 5 7 7
299.3; 6.588719779600057; True; 1 23 106 147 174 310 367 415 459 519 601 684 723 739 821; 6 1 5 13 8 6 6 8 8 5 6 8
300; 6.591843411224785; True; 1 23 106 174 226 310 367 415 459 519 601 684 723 739 821; 6 1 5 13 8 6 6 9 8 5 6 7
300.8; 6.591954555046735; True; 23 106 147 174 226 310 367 415 432 459 519 601 684 723 739; 5 1 5 12 8 6 8 8 7 5 6 7
304.9; 6.610873000380051; True; 23 147 174 226 246 310 367 415 459 519 601 650 684 723 739 821; 6 1 4 13 10 6 6 10 8 5 7 8
307.7; 6.612147838326487; True; 23 117 147 174 310 367 415 432 459 519 601 684 723 739 821; 6 1 5 12 8 6 7 9 7 6 5 7
308.5; 6.6188844849954505; True; 23 106 117 147 174 310 367 415 459 519 601 684 723 739 821; 6 1 4 13 8 7 7 9 7 6 6 7
310.9; 6.625518228971638; True; 1 23 147 174 226 246 310 367 415 459 519 601 684 723 739 821; 6 1 5 13 10 6 6 10 9 4 6 9
313.1; 6.6266482684740105; True; 23 106 147 174 246 310 367 459 519 601 632 650 684 723 739 821; 5 1 5 13 9 6 6 8 7 6 7 8
313.4; 6.628695382714024; True; 23 117 138 147 174 226 310 367 415 459 519 601 684 723 739 821; 6 1 4 14 10 7 7 10 8 5 6 7
314.9; 6.6415732531781755; True; 23 117 147 174 226 310 367 415 459 519 601 684 723 739 762 821; 7 1 4 14 9 6 7 10 8 5 6 8
319.9; 6.675319983339293; True; 23 117 147 174 226 246 310 367 415 459 519 601 684 723 739 821; 6 1 4 13 10 7 7 11 8 5 6 8
325.4; 6.693463127219531; True; 23 106 147 174 226 310 367 415 459 519 601 632 684 723 739 821; 6 1 5 14 9 6 7 9 7 5 7 8
328.7; 6.698448538015329; True; 23 117 136 147 174 226 310 367 415 459 519 601 684 723 739 821; 7 1 4 13 10 6 7 10 8 6 6 8
330.7; 6.704836606211404; True; 23 147 174 226 246 310 367 415 432 459 519 601 684 723 739 821; 6 1 5 12 10 6 7 10 8 5 6 8
337.8; 6.707485011967473; True; 1 23 106 174 226 246 310 367 415 459 519 601 684 723 739 821; 6 1 5 13 9 7 6 10 9 5 6 8
338.7; 6.718169405391307; True; 23 106 147 174 226 246 310 367 415 432 459 519 601 684 723 739; 5 1 5 12 9 7 8 9 8 5 6 8
340.7; 6.729245807225307; True; 23 106 147 174 226 246 310 367 432 459 519 601 684 723 739 821; 5 1 5 12 10 6 8 9 7 6 7 7
341.2; 6.742725131304698; True; 23 117 147 174 226 310 367 415 432 459 519 601 684 723 739 821; 6 1 5 13 9 6 8 10 7 6 6 7
349.2; 6.747334109615905; True; 23 106 117 147 174 226 310 367 415 432 459 519 601 684 723 739; 5 1 5 13 8 7 9 9 7 6 6 7
351.1; 6.763278211018979; True; 23 106 147 174 226 310 367 415 432 459 519 601 684 723 739 821; 6 1 5 13 9 6 8 9 7 6 7 7
355.7; 6.764101376476229; True; 23 106 174 226 246 310 367 415 432 459 519 601 684 723 739 821; 6 1 5 12 9 7 7 10 8 6 6 7
355.8; 6.765891976430016; True; 23 106 147 174 246 310 367 415 432 459 519 601 684 723 739 821; 6 1 5 12 9 7 7 9 8 6 6 8
357.2; 6.765891976430016; True; 23 117 147 174 226 310 367 415 432 459 519 601 650 684 723 739 762; 6 1 5 14 8 6 8 9 8 6 6 8
359.8; 6.767452718097773; True; 23 94 147 174 226 310 367 415 432 459 519 601 684 723 739 821; 6 1 5 13 10 6 8 9 7 6 7 7
364.1; 6.807128955592422; True; 23 106 147 174 226 246 310 367 415 459 519 601 632 684 723 739 821; 6 1 5 14 10 7 7 10 8 5 7 9
373.2; 6.830267800933642; True; 23 117 136 147 174 226 310 367 415 459 519 601 684 723 739 821 850; 7 1 5 13 10 6 7 10 8 6 7 8
381.3; 6.858176137982344; True; 23 117 147 174 226 246 310 367 415 432 459 519 601 684 723 739 821; 6 1 5 13 10 7 8 11 8 6 6 8
386.3; 6.858657484090807; True; 23 106 147 174 226 310 367 415 432 459 519 601 632 684 723 739 821; 6 1 6 14 9 6 8 9 7 6 7 8
391.4; 6.859498558187776; True; 23 117 147 174 246 310 367 415 432 459 519 601 684 723 739 821 850; 6 1 6 12 9 7 7 10 8 6 6 8
391.9; 6.882524537954881; True; 23 106 147 174 226 246 310 367 415 432 459 519 601 684 723 739 821; 6 1 5 13 10 7 8 10 8 6 7 8
401.9; 6.886039275566442; True; 23 106 147 160 174 226 310 367 415 432 459 519 601 684 723 739 821; 7 1 5 14 10 7 8 9 8 6 7 8
403.3; 6.902220528279314; True; 23 106 117 147 174 226 310 367 415 432 459 519 601 684 723 739 821; 6 1 5 14 9 7 9 10 7 7 7 7
409; 6.90346982850717; True; 23 106 117 147 174 246 310 367 415 432 459 519 601 684 723 739 821; 6 1 5 13 9 8 8 10 8 7 6 8
411.2; 6.906442793817033; True; 23 94 117 147 174 226 310 367 415 432 459 519 601 684 723 739 821; 6 1 5 14 10 7 9 10 7 7 7 7
420.1; 6.912912551176097; True; 23 106 147 174 226 246 310 367 415 432 459 519 601 684 723 739 762 850; 6 1 6 13 9 7 8 9 9 5 7 9
420.2; 6.930592488442598; True; 23 117 147 174 226 243 310 367 415 432 459 519 601 684 723 739 762 821; 7 1 5 14 10 6 9 11 8 6 7 8
427.6; 6.931661239684481; True; 23 106 147 174 226 246 310 367 415 432 459 519 601 684 723 739 815 850; 6 1 6 13 10 7 8 9 8 5 8 9
428.8; 6.9527440240148985; True; 23 106 147 174 226 246 310 367 415 432 459 519 601 684 723 739 762 821; 7 1 5 14 10 7 8 10 9 6 7 9
436.7; 6.953034457250356; True; 23 106 117 174 226 246 310 367 415 459 519 601 684 723 739 815 821 850; 7 1 5 14 10 8 7 11 8 6 8 8
440.1; 6.9571761304048465; True; 23 106 147 174 226 310 367 415 432 459 519 601 684 723 739 815 821 850; 7 1 6 14 10 6 8 9 7 6 9 8
443.3; 6.976533380391938; True; 23 106 117 174 226 246 310 367 415 432 459 519 601 684 723 739 815 850; 6 1 6 13 9 8 8 10 8 6 7 8
446.3; 6.988202100258781; True; 23 106 147 174 243 246 310 367 415 432 459 519 601 684 723 739 821 850; 6 1 6 12 10 7 8 10 8 6 8 8
453.7; 7.019531684531255; True; 1 23 106 117 174 226 243 310 367 415 432 459 519 601 684 723 739 821; 6 1 6 14 9 7 9 11 8 7 7 7
469.9; 7.023663918197793; True; 23 94 117 160 174 226 310 367 415 432 459 519 601 684 723 739 821 850; 7 1 6 14 10 8 8 10 8 7 7 7
471.6; 7.02530586526477; True; 23 94 117 147 160 174 310 367 415 432 459 519 601 684 723 739 821 850; 7 1 6 14 10 8 8 9 8 7 7 8
477.9; 7.0322157032979815; True; 23 94 106 174 226 246 310 367 415 432 459 519 601 684 723 739 821 850; 6 1 6 13 10 8 8 10 8 7 8 7
478.4; 7.035829825252828; True; 23 94 106 117 147 174 226 310 367 415 432 459 519 601 684 723 739 821; 6 1 5 15 10 8 10 10 7 8 8 7
480.1; 7.065952980313869; True; 23 106 147 174 226 246 310 367 415 432 459 519 601 632 684 723 739 821 850; 6 1 7 14 10 7 8 10 8 6 8 9
503.6; 7.073718350346122; True; 23 106 117 174 226 310 367 415 432 459 465 519 601 684 723 739 815 821 850; 8 1 6 15 9 7 8 10 8 7 8 8
504.1; 7.106530853822381; True; 23 106 117 174 226 246 310 367 415 432 459 519 601 684 723 739 815 821 850; 7 1 6 14 10 8 8 11 8 7 8 8
520.8; 7.110252917353403; True; 23 94 106 132 174 226 246 310 367 415 432 459 519 601 684 723 739 821 850; 6 1 6 13 10 8 8 10 9 7 9 8
527.8; 7.116607743988248; True; 23 117 147 174 226 243 310 364 367 415 432 459 519 601 602 684 723 739 821 850; 7 1 7 15 11 6 9 11 8 6 8 9
535.3; 7.118264726089479; True; 23 94 106 116 174 226 246 310 367 415 432 459 519 601 684 723 739 821 850; 6 1 7 14 11 8 8 10 8 7 8 8
538.4; 7.120902817614527; True; 1 23 106 117 174 226 310 367 415 459 519 523 601 684 723 739 821 827 850; 6 1 7 15 9 7 8 11 9 8 7 8
540.1; 7.128399268717806; True; 23 94 117 147 174 226 310 367 415 459 508 519 601 684 723 739 821 827 850; 7 1 6 15 10 8 8 10 9 7 8 9
541.1; 7.132579847659737; True; 23 94 117 147 174 226 310 367 415 432 459 519 601 684 723 739 762 821 827; 7 1 6 15 10 7 9 10 9 8 7 9
541.7; 7.151676230847047; True; 23 106 117 147 174 226 310 367 415 432 459 519 601 684 723 739 821 827 850; 6 1 7 14 9 7 9 10 8 8 8 8
558.8; 7.158362492095249; True; 23 94 117 136 174 226 243 310 364 367 415 432 454 459 519 601 684 723 739 850; 7 1 7 14 11 7 9 11 8 7 7 9
559.4; 7.172894697752176; True; 23 94 106 147 174 226 246 310 367 415 432 459 519 601 684 723 739 821 827; 6 1 6 14 11 8 9 10 9 8 8 9
559.8; 7.198382130008294; True; 23 94 117 147 174 226 246 310 367 415 432 459 519 601 684 723 739 815 821 850; 7 1 6 15 12 8 9 11 8 7 9 9
590.4; 7.221935599828005; True; 22 23 106 117 147 174 226 310 367 415 432 459 519 601 684 723 739 821 827 850; 7 1 7 14 9 7 9 10 9 8 8 9
608.7; 7.255031163345551; True; 23 106 117 160 174 226 243 310 367 415 432 459 519 601 684 723 739 821 827 850; 7 1 7 14 10 8 9 11 9 8 8 8
628.4; 7.267875419318898; True; 23 94 117 136 147 174 204 226 246 310 367 415 432 459 519 601 684 723 739 821; 8 1 6 14 12 8 9 11 10 9 7 10
651.6; 7.270212854896243; True; 23 106 117 147 174 226 310 367 415 432 459 519 601 684 723 739 817 821 827 850; 7 1 8 14 9 7 9 10 9 8 8 9
659.6; 7.281714970027296; True; 23 94 106 174 204 226 246 310 367 415 432 459 469 519 601 684 723 739 821 850; 7 1 7 14 10 8 9 11 9 9 8 8
665.5; 7.2884728005997825; True; 23 94 106 174 226 246 310 367 415 432 459 519 545 601 684 723 739 815 821 838 850; 7 1 6 16 12 8 10 11 8 8 11 8
667.3; 7.308564413561239; True; 23 94 117 147 174 226 246 310 367 415 432 459 487 519 601 684 723 739 821 827 850; 6 1 7 14 11 8 10 11 9 9 8 9
676.8; 7.308777773664721; True; 23 106 143 147 160 174 226 243 310 367 415 432 459 519 601 684 723 739 821 827 850; 7 1 7 15 12 8 10 11 9 7 9 9
693.7; 7.30941722577814; True; 23 94 106 117 132 174 246 310 367 407 415 432 459 519 601 684 723 739 821 838 850; 7 1 6 15 9 10 9 10 10 9 9 9
694.1; 7.319314304090512; True; 23 94 117 147 204 226 243 246 310 367 409 415 432 459 519 601 684 723 739 821 850; 8 1 7 14 11 9 9 11 9 7 9 9
694.8; 7.3404441148401185; True; 23 94 106 147 174 246 310 367 415 432 459 519 523 545 601 684 723 739 821 827 850; 6 1 7 15 12 8 10 11 9 9 9 9
751.9; 7.351022852584124; True; 23 94 106 174 226 246 310 367 415 459 519 545 601 684 723 739 817 821 827 838 850; 7 1 7 15 11 8 9 11 10 8 10 9
766.8; 7.359456020120986; True; 23 94 174 204 226 243 310 367 415 459 475 508 519 601 632 684 723 739 821 827 838; 8 1 7 16 11 8 9 11 10 9 8 10
770.9; 7.395501124305626; True; 23 94 117 136 174 226 246 310 367 415 432 459 519 601 684 723 739 786 821 827 838 850; 8 1 7 15 11 8 9 11 11 10 8 10
803.3; 7.4214393902200495; True; 23 94 106 117 132 174 204 310 315 367 415 432 459 519 601 632 684 723 739 821 838 850; 8 1 8 15 9 9 9 10 9 10 9 9
831.9; 7.448242412634439; True; 23 94 106 174 204 246 310 367 374 415 432 459 519 545 601 684 723 739 815 821 827 850; 9 1 8 15 12 9 8 10 11 9 9 11
859.8; 7.454539984964819; True; 23 94 106 117 150 174 226 310 367 415 432 459 519 601 684 723 727 739 817 821 827 850; 8 1 9 15 10 9 9 10 10 10 8 9
927.8; 7.45484486000851; True; 23 94 106 119 204 226 310 367 415 432 459 469 503 519 601 684 723 739 792 817 821 827; 9 1 8 16 9 9 9 9 12 10 8 11
928.6; 7.455606112581867; True; 23 94 174 204 226 243 296 310 367 374 415 432 459 519 601 674 684 723 739 792 821 827 850; 8 1 9 15 12 7 9 10 10 11 9 9
940.9; 7.4611982886224935; True; 23 94 106 174 226 246 310 367 432 459 519 523 601 602 684 723 739 806 815 817 821 827 850; 9 1 8 15 14 7 10 10 10 10 9 10
941; 7.464787519645937; True; 23 94 106 174 223 246 310 367 432 459 519 545 601 684 723 739 740 815 817 821 827 838 850; 9 1 8 16 12 8 9 10 10 9 11 9
949.6; 7.481012420956573; True; 23 94 106 174 223 246 310 367 432 459 519 545 593 601 684 723 739 815 817 821 827 838 850; 9 1 8 16 12 8 9 10 10 9 11 10
956.1; 7.489536629482095; True; 23 94 106 174 223 246 310 367 432 459 503 519 545 601 674 684 723 739 817 821 827 838 850; 8 1 9 16 11 8 9 10 10 10 10 9
1011; 7.504198918539445; True; 23 94 106 147 174 204 223 310 367 399 412 415 432 459 519 601 684 723 739 815 821 827 838 850; 9 1 8 18 11 7 10 10 9 11 11 10
1022; 7.512951079972491; True; 23 36 94 106 117 204 226 246 310 367 415 432 459 519 545 591 601 684 723 739 796 821 827 857; 8 1 7 18 10 12 10 12 12 9 8 11
1047; 7.536179532137226; True; 23 94 106 174 223 246 310 367 432 459 519 545 601 684 723 739 740 792 815 817 821 827 838 850; 9 1 8 17 12 8 10 10 10 10 12 9
