M: 14
Instance: 1
Algorithm: NSGA-II
Iteration: 700
Population Size: 1000
Running Time:  5.968e+04 seconds
Required Skills:  0 1 4 5 9 10 11 12 14 15 16 18 23 24 
Distance; Skill Score; isValid; Team; Skill Counts
15.16; 0.2372923375674585; True; 118 161 372 859; 1 1 1 2 1 2 1 2 1 1 1 1 1 1
17.13; 0.5318619490958092; True; 1 118 314 372; 1 1 1 2 1 1 2 2 2 1 1 1 1 1
18.63; 0.7432745235119338; True; 161 369 372 692; 2 1 1 3 2 1 1 2 1 1 1 1 1 2
18.81; 1.3001605369513527; True; 1 161 372 692; 2 1 1 3 2 1 1 2 1 2 2 1 1 2
19.54; 1.369586890736345; True; 24 248 372 692; 1 1 1 2 3 2 1 2 2 1 2 1 1 2
20.7; 1.3718064585074163; True; 1 372 420 524; 1 1 1 3 1 2 1 3 2 1 3 1 1 2
21.56; 1.3793055177505824; True; 24 161 372 692; 2 1 1 3 3 2 1 2 1 1 2 1 1 2
21.56; 1.4545399849648195; True; 1 161 372 524; 1 1 1 3 2 2 1 2 1 2 3 1 1 2
22.79; 1.603036056250522; True; 1 372 524 692; 1 1 1 3 2 1 2 2 2 1 2 2 2 1
22.84; 1.6261349786353883; True; 118 161 372 420 859; 2 1 1 3 1 3 1 3 2 1 2 1 1 2
24.67; 1.7673785241141804; True; 1 118 161 372 606; 1 1 1 4 2 2 1 2 2 3 2 1 1 2
25.33; 2.1274287778515983; True; 1 118 161 314 372; 2 1 1 3 2 2 2 2 2 2 2 1 1 2
27.44; 2.409764104266346; True; 1 118 161 372 692; 2 1 1 4 2 2 2 2 2 2 2 2 1 2
27.57; 2.4197905861063624; True; 1 161 372 420 692; 3 1 1 4 2 2 1 3 2 2 3 1 1 3
29.06; 2.479719235439571; True; 1 118 161 372 420 468; 2 1 1 4 1 3 1 3 2 2 3 2 1 3
31.25; 2.5232260419657013; True; 1 161 372 420 524; 2 1 1 4 2 3 1 3 2 2 4 1 1 3
31.55; 2.5626496722119168; True; 1 314 372 420 524; 2 1 1 3 2 2 2 3 3 1 3 1 2 2
32.41; 2.6502103546603593; True; 1 161 314 372 524; 2 1 1 3 3 2 2 2 2 2 3 1 2 2
33.34; 2.7547304690237535; True; 1 118 161 372 420 606; 2 1 1 5 2 3 1 3 3 3 3 1 1 3
34.33; 2.8723893884178207; True; 1 118 161 228 372 420; 2 1 1 5 2 3 2 3 3 2 3 1 1 3
34.92; 2.9988258190402863; True; 1 118 161 314 372 420; 3 1 1 4 2 3 2 3 3 2 3 1 1 3
37.09; 3.2741578492636805; True; 1 118 161 372 420 692; 3 1 1 5 2 3 2 3 3 2 3 2 1 3
39.37; 3.3188977146274876; True; 1 161 314 372 420 692; 4 1 1 4 3 2 2 3 3 2 3 1 2 3
42.57; 3.3273589343863303; True; 1 118 161 372 420 524; 2 1 1 5 2 4 2 3 3 2 4 2 1 3
42.88; 3.44870631990508; True; 1 24 248 314 372 692; 2 1 2 3 4 2 2 3 3 2 3 1 2 3
45.02; 3.4714384073892983; True; 1 161 314 372 420 524; 3 1 1 4 3 3 2 3 3 2 4 1 2 3
45.73; 3.5476516583599693; True; 1 118 161 314 372 420 468; 3 1 1 4 2 3 2 3 3 2 3 2 2 3
47.29; 3.5853479110945905; True; 1 161 314 372 524 692; 3 1 1 4 4 2 3 2 3 2 3 2 3 2
47.84; 3.640481436970422; True; 1 118 161 175 314 372 420; 3 1 1 5 3 3 3 3 4 2 3 2 1 3
47.93; 3.698709349442586; True; 1 118 161 372 420 468 692; 3 1 1 5 2 3 2 3 3 2 3 3 2 3
48.11; 3.746712022516661; True; 1 161 372 420 524 692; 3 1 1 5 3 3 2 3 3 2 4 2 2 3
50.01; 3.7892280572673354; True; 1 118 161 175 372 420 692; 3 1 1 6 3 3 3 3 4 2 3 3 1 3
51.21; 3.9253636673541017; True; 1 118 161 372 420 606 692; 3 1 1 6 3 3 2 3 4 3 3 2 2 3
51.81; 3.997779430865604; True; 1 118 161 314 372 420 692; 4 1 1 5 3 3 3 3 4 2 3 2 2 3
54.64; 4.027757204690554; True; 1 24 175 248 314 372 692; 2 1 2 4 5 2 3 3 4 2 3 2 2 3
55.91; 4.045322978786658; True; 1 118 161 314 372 464 692; 4 1 2 5 3 2 3 3 3 2 3 2 2 3
55.91; 4.060320028688285; True; 1 24 161 175 314 372 692; 3 1 2 5 5 2 3 3 3 2 3 2 2 3
59.26; 4.100025730107863; True; 1 118 161 314 372 420 524; 3 1 1 5 3 4 3 3 4 2 4 2 2 3
59.53; 4.166726055580051; True; 1 24 118 161 314 372 692; 3 1 2 5 4 3 3 3 3 2 3 2 2 3
62.42; 4.248953615495708; True; 1 118 161 372 420 524 692; 3 1 1 6 3 4 3 3 4 2 4 3 2 3
62.88; 4.299942900022767; True; 1 161 314 372 420 524 692; 4 1 1 5 4 3 3 3 4 2 4 2 3 3
63.83; 4.364550995353971; True; 1 248 314 372 464 524 692; 3 1 2 4 4 2 3 3 4 2 4 2 3 3
65.59; 4.413299764081252; True; 1 24 248 314 372 524 692; 2 1 2 4 5 3 3 3 4 2 4 2 3 3
66.86; 4.458637849025649; True; 1 161 175 314 372 420 607 692; 4 1 2 6 4 2 3 3 5 2 4 2 2 4
67.18; 4.46553155697355; True; 1 161 175 314 372 420 692 859; 4 1 2 5 4 2 3 4 4 2 3 2 3 3
68.03; 4.486005186362242; True; 1 118 161 314 369 372 420 692; 4 1 2 6 3 3 3 4 4 2 3 2 2 4
68.7; 4.548880562637516; True; 1 118 161 314 372 420 692 859; 4 1 2 5 3 3 3 4 4 2 3 2 3 3
70.19; 4.613736141261871; True; 1 24 175 248 314 372 464 692; 3 1 3 5 5 2 3 4 4 2 4 2 2 4
71.32; 4.62654565902713; True; 1 24 175 248 314 372 692 731; 2 1 3 5 5 3 3 4 4 2 4 2 2 4
71.43; 4.630936119064192; True; 1 118 161 314 372 420 464 692; 5 1 2 6 3 3 3 4 4 2 4 2 2 4
73.41; 4.67163559660213; True; 1 24 161 175 314 372 420 692; 4 1 2 6 5 3 3 4 4 2 4 2 2 4
74.25; 4.672651922840002; True; 1 24 161 175 248 314 372 692; 3 1 2 5 6 3 3 3 4 3 4 2 2 4
75.92; 4.727947709544797; True; 1 24 118 161 314 372 420 692; 4 1 2 6 4 4 3 4 4 2 4 2 2 4
78.56; 4.734319680859008; True; 1 175 248 314 372 464 524 692; 3 1 2 5 5 2 4 3 5 2 4 3 3 3
78.77; 4.742646589938737; True; 1 161 175 314 372 464 524 692; 4 1 2 6 5 2 4 3 4 2 4 3 3 3
79.74; 4.800235789327354; True; 1 161 314 372 420 524 692 859; 4 1 2 5 4 3 3 4 4 2 4 2 4 3
80.41; 4.817102404256923; True; 1 161 314 372 420 524 607 692; 4 1 2 6 4 3 3 3 5 2 5 2 3 4
81.68; 4.847510965203249; True; 1 161 175 372 420 464 524 692; 4 1 2 7 4 3 3 4 4 2 5 3 2 4
82.49; 4.906119457545561; True; 1 161 314 372 420 464 524 692; 5 1 2 6 4 3 3 4 4 2 5 2 3 4
83.13; 4.972202838379065; True; 1 24 248 314 372 464 524 692; 3 1 3 5 5 3 3 4 4 2 5 2 3 4
85.63; 4.97483395504854; True; 24 175 248 314 372 464 515 692 731; 3 1 3 6 5 4 3 4 4 2 5 2 2 5
85.72; 4.997648454896206; True; 14 24 175 248 314 372 464 692 731; 3 1 3 6 6 4 3 4 4 2 5 2 2 5
86.34; 5.020775488193557; True; 1 118 161 175 314 372 420 464 692; 5 1 2 7 4 3 4 4 5 2 4 3 2 4
87.65; 5.024485667699167; True; 1 118 161 175 372 420 464 606 692; 4 1 2 8 4 3 3 4 5 3 4 3 2 4
88.64; 5.072984744627931; True; 1 14 24 175 248 314 372 464 692; 3 1 3 6 6 3 3 4 4 3 5 2 2 5
88.82; 5.077367905284156; True; 1 24 175 248 314 372 464 692 731; 3 1 4 6 5 3 3 5 4 2 5 2 2 5
90.37; 5.083502619830268; True; 1 118 161 314 372 420 464 606 692; 5 1 2 7 4 3 3 4 5 3 4 2 3 4
91.28; 5.092018470752796; True; 1 161 175 248 314 372 420 464 692; 5 1 2 6 5 3 3 4 5 3 5 2 2 5
91.77; 5.0948203803548004; True; 1 24 118 161 175 314 372 420 692; 4 1 2 7 5 4 4 4 5 2 4 3 2 4
92.75; 5.153509989300838; True; 1 24 161 175 248 314 372 464 692; 4 1 3 6 6 3 3 4 4 3 5 2 2 5
94.87; 5.157456768134226; True; 1 24 118 161 314 372 420 606 692; 4 1 2 7 5 4 3 4 5 3 4 2 3 4
94.88; 5.165244326125311; True; 1 24 161 175 248 314 372 692 731; 3 1 3 6 6 4 3 4 4 3 5 2 2 5
97.23; 5.166726055580051; True; 1 161 175 314 372 420 524 607 692; 4 1 2 7 5 3 4 3 6 2 5 3 3 4
97.56; 5.167612672727531; True; 1 161 175 314 372 420 524 692 859; 4 1 2 6 5 3 4 4 5 2 4 3 4 3
98.71; 5.19534605834842; True; 1 24 118 161 248 314 372 420 692; 4 1 2 6 5 5 3 4 5 3 5 2 2 5
99.31; 5.273001272063738; True; 1 161 175 314 372 420 464 524 692; 5 1 2 7 5 3 4 4 5 2 5 3 3 4
99.79; 5.326540668516563; True; 1 24 175 248 314 372 464 524 692; 3 1 3 6 6 3 4 4 5 2 5 3 3 4
102.7; 5.329194415088452; True; 1 118 161 314 372 420 464 524 692; 5 1 2 7 4 4 4 4 5 2 5 3 3 4
103; 5.334252642334231; True; 1 24 161 175 314 372 464 524 692; 4 1 3 7 6 3 4 4 4 2 5 3 3 4
103.5; 5.364550995353971; True; 1 14 24 248 314 372 464 524 692; 3 1 3 6 6 4 3 4 4 3 6 2 3 5
103.8; 5.369215857410143; True; 1 24 248 314 372 464 524 692 731; 3 1 4 6 5 4 3 5 4 2 6 2 3 5
105.6; 5.378579576115774; True; 1 118 161 175 228 372 420 464 606 692; 4 1 2 9 5 3 4 4 6 3 4 3 3 4
106.9; 5.383815365980432; True; 1 161 248 314 372 420 464 524 692; 5 1 2 6 5 4 3 4 5 3 6 2 3 5
106.9; 5.423081958297232; True; 1 14 24 175 228 248 314 372 464 692; 3 1 3 7 7 3 4 4 5 3 5 2 3 5
107.2; 5.432969290874405; True; 1 118 161 175 314 372 420 464 606 692; 5 1 2 8 5 3 4 4 6 3 4 3 3 4
108.1; 5.435685137941629; True; 1 24 175 228 248 314 372 464 692 731; 3 1 4 7 6 3 4 5 5 2 5 2 3 5
108.3; 5.4527062265110295; True; 1 14 24 175 248 314 372 464 692 731; 3 1 4 7 6 4 3 5 4 3 6 2 2 6
111.1; 5.503654519242959; True; 1 24 161 175 228 248 314 372 464 692; 4 1 3 7 7 3 4 4 5 3 5 2 3 5
114.3; 5.515343893088382; True; 1 24 161 175 228 248 314 372 692 731; 3 1 3 7 7 4 4 4 5 3 5 2 3 5
114.3; 5.520745471519483; True; 1 24 118 161 175 314 372 420 464 692; 5 1 3 8 5 4 4 5 5 2 5 3 2 5
115.3; 5.533263516778716; True; 1 24 161 175 248 314 372 464 692 731; 4 1 4 7 6 4 3 5 4 3 6 2 2 6
116.2; 5.545801757159277; True; 1 24 161 175 248 314 372 420 464 692; 5 1 3 7 6 4 3 5 5 3 6 2 2 6
116.6; 5.576571684065291; True; 1 24 118 161 175 248 314 372 464 692; 4 1 3 7 6 4 4 4 5 3 5 3 2 5
118.8; 5.603793704136963; True; 1 161 175 314 372 420 464 524 607 692; 5 1 3 8 5 3 4 4 6 2 6 3 3 5
119.2; 5.606488850442648; True; 1 24 175 248 314 372 464 524 607 692; 3 1 4 7 6 3 4 4 6 2 6 3 3 5
120.2; 5.6078837443569896; True; 14 24 175 248 314 372 464 524 692 731; 3 1 3 7 7 5 4 4 5 2 6 3 3 5
121; 5.620656479819621; True; 1 161 175 314 372 420 464 524 692 859; 5 1 3 7 5 3 4 5 5 2 5 3 4 4
121.6; 5.631849462159819; True; 1 161 175 248 314 372 464 524 607 692; 4 1 3 7 6 3 4 3 6 3 6 3 3 5
122.1; 5.710202014655385; True; 1 14 24 175 248 314 372 464 524 692; 3 1 3 7 7 4 4 4 5 3 6 3 3 5
122.4; 5.722798396870905; True; 1 24 175 248 314 372 464 524 692 731; 3 1 4 7 6 4 4 5 5 2 6 3 3 5
126.3; 5.744371227331861; True; 1 24 175 248 314 372 420 464 524 692; 4 1 3 7 6 4 4 5 6 2 6 3 3 5
127.1; 5.790707287327679; True; 1 24 161 175 248 314 372 464 524 692; 4 1 3 7 7 4 4 4 5 3 6 3 3 5
129.5; 5.802705327074353; True; 1 14 24 175 228 248 314 372 464 692 731; 3 1 4 8 7 4 4 5 5 3 6 2 3 6
134.5; 5.829239428141388; True; 1 24 118 161 175 314 372 420 606 607 692; 4 1 3 9 6 4 4 4 7 3 5 3 3 5
135; 5.833593293998456; True; 1 24 118 161 175 228 314 372 420 464 692; 5 1 3 9 6 4 5 5 6 2 5 3 3 5
135.1; 5.841109084468155; True; 1 24 118 161 248 314 372 464 524 692; 4 1 3 7 6 5 4 4 5 3 6 3 3 5
135.5; 5.865044721693099; True; 1 24 118 161 175 228 372 420 464 606 692; 4 1 3 10 6 4 4 5 6 3 5 3 3 5
136.5; 5.8786366730265165; True; 1 24 161 175 228 248 314 372 420 464 692; 5 1 3 8 7 4 4 5 6 3 6 2 3 6
136.6; 5.88320703335239; True; 1 24 161 175 228 248 314 372 464 692 731; 4 1 4 8 7 4 4 5 5 3 6 2 3 6
137.6; 5.8964711004792765; True; 1 118 161 175 248 314 372 420 464 692 859; 5 1 3 7 5 4 4 5 6 3 5 3 3 5
138; 5.919444210465237; True; 1 24 118 161 175 314 372 420 464 606 692; 5 1 3 9 6 4 4 5 6 3 5 3 3 5
140.9; 5.924434363543231; True; 1 24 118 161 175 248 314 372 420 464 692; 5 1 3 8 6 5 4 5 6 3 6 3 2 6
142.7; 5.9370663120174285; True; 14 24 175 248 314 372 464 524 584 692 731; 4 1 3 8 7 5 4 4 5 3 7 3 3 6
143.2; 5.940068013739353; True; 1 161 175 314 372 420 464 524 606 607 692; 5 1 3 9 6 3 4 4 7 3 6 3 4 5
143.4; 5.951871557128364; True; 1 14 24 175 248 314 372 464 524 692 770; 4 1 3 8 7 4 4 5 5 3 7 3 3 6
143.5; 5.962274604623314; True; 1 14 24 175 248 314 372 464 524 607 692; 3 1 4 8 7 4 4 4 6 3 7 3 3 6
143.8; 5.966329495163878; True; 1 24 148 175 248 314 372 464 524 692 731; 3 1 4 8 7 4 5 5 5 2 6 3 4 6
145.5; 5.977083120315852; True; 1 24 175 228 248 314 372 464 524 692 731; 3 1 4 8 7 4 5 5 6 2 6 3 4 5
145.6; 5.9882913419074875; True; 1 14 24 175 248 314 372 464 524 584 692; 4 1 3 8 7 4 4 4 5 4 7 3 3 6
145.7; 6.0515383905153275; True; 1 14 24 175 248 314 372 464 524 692 731; 3 1 4 8 7 5 4 5 5 3 7 3 3 6
146.9; 6.051923916046107; True; 1 24 175 248 314 372 464 524 584 692 731; 4 1 4 8 6 4 4 5 5 3 7 3 3 6
149.6; 6.06295783408451; True; 1 24 175 248 314 372 464 524 606 692 731; 3 1 4 8 7 4 4 5 6 3 6 3 4 5
151.1; 6.06781451116184; True; 1 161 175 248 314 372 420 464 524 692 859; 5 1 3 7 6 4 4 5 6 3 6 3 4 5
151.6; 6.072984744627931; True; 1 14 24 175 248 314 372 420 464 524 692; 4 1 3 8 7 5 4 5 6 3 7 3 3 6
152.6; 6.08278537031645; True; 1 24 161 175 314 372 420 464 524 606 692; 5 1 3 9 7 4 4 5 6 3 6 3 4 5
153.5; 6.087426457036285; True; 1 24 161 175 248 314 372 464 524 692 859; 4 1 4 7 7 4 4 5 5 3 6 3 4 5
153.7; 6.131939295210424; True; 1 24 161 175 248 314 372 464 524 692 731; 4 1 4 8 7 5 4 5 5 3 7 3 3 6
158.4; 6.133219456732494; True; 1 24 118 161 314 372 420 464 524 606 692; 5 1 3 9 6 5 4 5 6 3 6 3 4 5
159.7; 6.161966616364075; True; 1 24 118 161 175 228 314 372 420 464 606 692; 5 1 3 10 7 4 5 5 7 3 5 3 4 5
160.8; 6.17084820364331; True; 1 24 118 161 175 314 372 420 464 606 607 692; 5 1 4 10 6 4 4 5 7 3 6 3 3 6
163.6; 6.217483944213906; True; 1 24 118 161 175 228 248 314 372 420 464 692; 5 1 3 9 7 5 5 5 7 3 6 3 3 6
166.7; 6.23401081758718; True; 1 24 118 161 175 228 248 314 372 464 692 731; 4 1 4 9 7 5 5 5 6 3 6 3 3 6
167.5; 6.252367514459899; True; 1 24 118 161 175 248 314 372 420 464 606 692; 5 1 3 9 7 5 4 5 7 4 6 3 3 6
169; 6.256717745977487; True; 1 14 24 175 248 314 372 464 524 692 731 770; 4 1 4 9 7 5 4 6 5 3 8 3 3 7
169.1; 6.278982116865443; True; 1 14 24 148 175 248 314 372 464 524 692 731; 3 1 4 9 8 5 5 5 5 3 7 3 4 7
169.3; 6.28443073384452; True; 1 24 148 175 248 314 372 464 524 584 692 731; 4 1 4 9 7 4 5 5 5 3 7 3 4 7
170.8; 6.300812794118117; True; 1 14 24 175 228 248 314 372 464 524 692 731; 3 1 4 9 8 5 5 5 6 3 7 3 4 6
171.1; 6.310693312343361; True; 1 14 24 175 248 314 372 464 524 584 692 731; 4 1 4 9 7 5 4 5 5 4 8 3 3 7
175.9; 6.335457900689384; True; 1 14 24 175 248 314 372 464 524 606 692 731; 3 1 4 9 8 5 4 5 6 4 7 3 4 6
177; 6.341038631677523; True; 1 24 175 248 314 372 464 524 584 606 692 731; 4 1 4 9 7 4 4 5 6 4 7 3 4 6
177.7; 6.343802333161655; True; 1 24 175 248 314 372 464 524 606 692 731 747; 4 1 4 9 8 5 4 5 7 3 7 3 4 6
177.9; 6.348888723071438; True; 1 24 161 175 248 314 372 420 464 524 607 692; 5 1 4 9 7 5 4 5 7 3 8 3 3 7
178.1; 6.359456020120986; True; 1 24 148 161 175 248 314 372 464 524 692 731; 4 1 4 9 8 5 5 5 5 3 7 3 4 7
178.7; 6.364926033789976; True; 1 24 161 175 228 248 314 372 420 464 524 692; 5 1 3 9 8 5 5 5 7 3 7 3 4 6
178.8; 6.381115080709851; True; 1 24 161 175 228 248 314 372 464 524 692 731; 4 1 4 9 8 5 5 5 6 3 7 3 4 6
181.4; 6.3870337012823635; True; 1 24 175 248 314 372 464 515 524 692 731 829; 4 1 4 9 7 5 4 5 6 3 7 4 4 6
181.4; 6.396896449142524; True; 1 14 24 175 248 314 372 464 524 692 731 829; 4 1 4 9 8 5 4 5 6 3 7 4 4 6
182.7; 6.399673721481038; True; 1 24 161 175 248 314 372 420 464 524 606 692; 5 1 3 9 8 5 4 5 7 4 7 3 4 6
182.9; 6.415974411376566; True; 1 24 161 175 248 314 372 464 524 606 692 731; 4 1 4 9 8 5 4 5 6 4 7 3 4 6
187.4; 6.438384107034714; True; 1 24 118 161 175 228 248 314 372 420 464 607 692; 5 1 4 10 7 5 5 5 8 3 7 3 3 7
188.1; 6.443262987458695; True; 1 14 24 107 175 248 314 372 464 524 692 731; 3 1 4 9 7 6 5 6 5 3 7 4 4 6
189.2; 6.4604467838807205; True; 1 24 107 175 248 314 372 464 524 584 692 731; 4 1 4 9 6 5 5 6 5 3 7 4 4 6
191; 6.468790262099611; True; 1 24 107 161 175 248 314 372 464 524 607 692; 4 1 4 9 7 5 5 5 6 3 7 4 4 6
191.2; 6.481299273332856; True; 1 24 118 161 175 228 248 314 372 420 464 606 692; 5 1 3 10 8 5 5 5 8 4 6 3 4 6
193.6; 6.481729196960016; True; 1 24 148 175 248 314 372 464 524 584 607 692 731; 4 1 5 10 7 4 5 5 6 3 8 3 4 8
195.1; 6.496791315700042; True; 1 24 118 161 175 228 314 372 420 464 606 692 731; 5 1 4 11 7 5 5 6 7 3 6 3 4 6
195.3; 6.5060989599284405; True; 1 24 118 161 175 228 248 314 372 464 606 692 731; 4 1 4 10 8 5 5 5 7 4 6 3 4 6
195.6; 6.520352504083318; True; 1 24 148 175 248 314 372 464 515 524 584 692 731; 4 1 4 10 7 5 5 5 5 4 8 3 4 8
197; 6.523746466811565; True; 1 24 107 161 175 248 314 372 464 524 692 731; 4 1 4 9 7 6 5 6 5 3 7 4 4 6
197.2; 6.527758752520972; True; 1 14 24 175 228 248 314 372 464 515 524 692 731; 3 1 4 10 8 6 5 5 6 4 8 3 4 7
198.2; 6.559786968200557; True; 1 14 24 175 228 248 314 372 464 524 584 692 731; 4 1 4 10 8 5 5 5 6 4 8 3 4 7
203.1; 6.577721524509021; True; 1 24 161 175 228 248 314 372 420 464 524 607 692; 5 1 4 10 8 5 5 5 8 3 8 3 4 7
206.2; 6.598571663482141; True; 1 14 24 175 228 248 314 372 420 464 524 692 731; 4 1 4 10 8 6 5 6 7 3 8 3 4 7
206.9; 6.603252661981647; True; 1 24 118 161 175 314 372 420 464 524 606 607 692; 5 1 4 11 7 5 5 5 8 3 7 4 4 6
207.1; 6.614686342282012; True; 1 14 24 161 175 228 248 314 372 464 524 692 731; 4 1 4 10 9 6 5 5 6 4 8 3 4 7
208.6; 6.623869268350302; True; 1 14 24 175 248 314 372 464 515 524 692 731 829; 4 1 4 10 8 6 4 5 6 4 8 4 4 7
209.5; 6.629817196018516; True; 1 14 24 175 248 314 372 464 524 584 692 731 829; 5 1 4 10 8 5 4 5 6 4 8 4 4 7
211.3; 6.633367445117007; True; 1 14 24 175 248 314 372 420 464 524 606 692 731; 4 1 4 10 8 6 4 6 7 4 8 3 4 7
212.1; 6.652922887567942; True; 1 24 161 175 228 248 314 372 420 464 524 692 731; 5 1 4 10 8 6 5 6 7 3 8 3 4 7
214.5; 6.662946614332625; True; 1 24 118 161 175 248 314 372 420 464 524 606 692; 5 1 3 10 8 6 5 5 8 4 7 4 4 6
215.5; 6.665580991017953; True; 1 24 107 175 248 314 372 464 524 584 607 692 731; 4 1 5 10 6 5 5 6 6 3 8 4 4 7
216.1; 6.687707279624819; True; 1 24 161 175 248 314 372 420 464 524 606 692 731; 5 1 4 10 8 6 4 6 7 4 8 3 4 7
216.9; 6.695744275197323; True; 1 24 118 161 175 228 248 314 372 420 464 606 607 692; 5 1 4 11 8 5 5 5 9 4 7 3 4 7
217.4; 6.702344358355769; True; 1 14 24 107 175 248 314 372 464 524 584 692 731; 4 1 4 10 7 6 5 6 5 4 8 4 4 7
221.7; 6.7160033436347994; True; 1 14 24 148 175 248 314 372 464 524 584 607 692 731; 4 1 5 11 8 5 5 5 6 4 9 3 4 9
223.3; 6.721893016214957; True; 1 24 107 175 248 314 372 464 524 584 606 692 731; 4 1 4 10 7 5 5 6 6 4 7 4 5 6
223.4; 6.7288405683399715; True; 1 24 107 161 175 248 314 372 464 524 607 692 731; 4 1 5 10 7 6 5 6 6 3 8 4 4 7
225.2; 6.740520586053664; True; 1 24 107 161 175 248 314 372 420 464 524 607 692; 5 1 4 10 7 6 5 6 7 3 8 4 4 7
227.3; 6.74927240829842; True; 1 14 24 107 161 175 248 314 372 464 524 692 731; 4 1 4 10 8 7 5 6 5 4 8 4 4 7
227.5; 6.777281791671014; True; 1 24 118 161 175 228 248 314 372 420 464 606 692 731; 5 1 4 11 8 6 5 6 8 4 7 3 4 7
230.2; 6.780101191467912; True; 1 24 107 161 175 248 314 372 464 524 606 692 731; 4 1 4 10 8 6 5 6 6 4 7 4 5 6
233.3; 6.783975003412671; True; 1 24 107 161 175 248 314 372 420 464 524 692 731; 5 1 4 10 7 7 5 7 6 3 8 4 4 7
233.4; 6.794488046659169; True; 1 14 24 161 175 228 248 314 372 464 524 607 692 731; 4 1 5 11 9 6 5 5 7 4 9 3 4 8
234.3; 6.804275767129094; True; 1 24 161 175 228 248 314 372 420 464 524 606 607 692; 5 1 4 11 9 5 5 5 9 4 8 3 5 7
235.3; 6.807467375684278; True; 1 24 161 175 228 248 314 372 464 524 606 607 692 731; 4 1 5 11 9 5 5 5 8 4 8 3 5 7
236.7; 6.8095597146352675; True; 1 14 24 175 248 314 372 464 524 584 607 692 731 829; 5 1 5 11 8 5 4 5 7 4 9 4 4 8
236.7; 6.818489822204214; True; 1 14 24 148 175 248 314 372 464 524 584 692 731 829; 5 1 4 11 9 5 5 5 6 4 8 4 5 8
238.4; 6.824321124850771; True; 1 24 161 175 228 248 314 372 420 464 524 607 692 731; 5 1 5 11 8 6 5 6 8 3 9 3 4 8
239.4; 6.8314218170650225; True; 1 14 24 175 228 248 314 372 420 464 524 606 692 731; 4 1 4 11 9 6 5 6 8 4 8 3 5 7
239.5; 6.836387419326411; True; 1 14 24 175 228 248 314 372 464 524 584 692 731 829; 5 1 4 11 9 5 5 5 7 4 8 4 5 7
241.9; 6.845098040014257; True; 1 24 107 148 175 248 314 372 464 524 584 607 692 731; 4 1 5 11 7 5 6 6 6 3 8 4 5 8
242.3; 6.869466410080866; True; 1 24 118 161 175 248 314 372 420 464 524 606 607 692; 5 1 4 11 8 6 5 5 9 4 8 4 4 7
244.3; 6.885869860903907; True; 1 24 161 175 228 248 314 372 420 464 524 606 692 731; 5 1 4 11 9 6 5 6 8 4 8 3 5 7
245.6; 6.893817223967463; True; 1 14 24 107 175 248 314 372 464 524 584 607 692 731; 4 1 5 11 7 6 5 6 6 4 9 4 4 8
249.4; 6.908163200055548; True; 1 14 24 107 175 248 314 372 464 524 584 692 731 747; 5 1 4 11 8 7 5 6 6 4 9 4 4 8
249.8; 6.914554698517634; True; 1 24 118 161 175 248 314 372 420 464 524 606 692 859; 5 1 4 10 8 6 5 6 8 4 7 4 5 6
251.5; 6.915241497306194; True; 1 24 107 175 248 314 372 464 524 584 606 607 692 731; 4 1 5 11 7 5 5 6 7 4 8 4 5 7
251.9; 6.9397188823541045; True; 1 24 118 161 175 248 314 372 420 464 524 606 692 731; 5 1 4 11 8 7 5 6 8 4 8 4 4 7
255.2; 6.948070481518941; True; 1 24 118 161 175 228 248 314 372 420 464 606 607 692 731; 5 1 5 12 8 6 5 6 9 4 8 3 4 8
256.7; 6.948266219880296; True; 1 24 107 161 175 248 314 372 464 524 584 607 692 731; 5 1 5 11 7 6 5 6 6 4 9 4 4 8
258.5; 6.973497308732063; True; 1 24 107 161 175 248 314 372 464 524 606 607 692 731; 4 1 5 11 8 6 5 6 7 4 8 4 5 7
259.4; 6.976670880624812; True; 1 24 107 161 175 248 314 372 420 464 524 606 607 692; 5 1 4 11 8 6 5 6 8 4 8 4 5 7
263.6; 6.981637424655769; True; 1 24 107 175 248 314 372 420 464 524 584 606 692 731; 5 1 4 11 7 6 5 7 7 4 8 4 5 7
264.5; 6.9851119795393535; True; 1 24 107 161 175 248 314 372 464 524 584 606 692 731; 5 1 4 11 8 6 5 6 6 5 8 4 5 7
266.3; 6.986189299736824; True; 1 24 107 161 175 248 314 372 420 464 524 606 692 859; 5 1 4 10 8 6 5 7 7 4 7 4 6 6
266.5; 6.987889609997746; True; 1 14 24 107 161 175 248 314 372 420 464 524 692 731; 5 1 4 11 8 8 5 7 6 4 9 4 4 8
266.5; 6.989004615698537; True; 1 24 118 161 175 228 248 314 372 420 464 606 692 731 859; 5 1 5 11 8 6 5 7 8 4 7 3 5 7
267.8; 6.989761187718778; True; 1 24 148 161 175 228 248 314 372 420 464 524 607 692 731; 5 1 5 12 9 6 6 6 8 3 9 3 5 9
268.4; 7.0285712526925375; True; 1 24 107 161 175 248 314 372 420 464 524 606 692 731; 5 1 4 11 8 7 5 7 7 4 8 4 5 7
272.6; 7.050766311233042; True; 1 24 161 175 228 248 314 372 420 464 524 606 607 692 731; 5 1 5 12 9 6 5 6 9 4 9 3 5 8
274.1; 7.052693941924968; True; 1 24 107 148 175 248 314 372 464 515 524 584 607 692 731; 4 1 5 12 7 6 6 6 6 4 9 4 5 9
278.6; 7.059941888061955; True; 1 24 107 175 228 248 314 372 464 524 584 607 692 731 747; 5 1 5 12 8 6 6 6 8 3 9 4 5 8
279.3; 7.076276255404218; True; 1 24 107 175 228 248 314 372 463 464 524 584 607 692 731; 4 1 5 12 7 6 6 6 7 4 9 4 5 8
280.4; 7.093071306376063; True; 1 24 118 161 175 248 314 372 420 464 524 606 607 692 859; 5 1 5 11 8 6 5 6 9 4 8 4 5 7
281.6; 7.104828403653656; True; 1 24 118 161 175 248 314 372 420 464 524 606 607 692 731; 5 1 5 12 8 7 5 6 9 4 9 4 4 8
282.4; 7.113943352306837; True; 1 24 118 161 175 228 248 314 372 420 464 524 606 692 731; 5 1 4 12 9 7 6 6 9 4 8 4 5 7
287.7; 7.14050804303818; True; 1 24 107 161 175 228 248 314 372 464 524 584 607 692 731; 5 1 5 12 8 6 6 6 7 4 9 4 5 8
290.8; 7.146438135285774; True; 1 14 24 107 175 248 314 372 464 524 584 607 692 731 829; 5 1 5 12 8 6 5 6 7 4 9 5 5 8
291; 7.151369850247461; True; 1 24 118 161 175 248 314 372 420 464 524 606 692 731 859; 5 1 5 11 8 7 5 7 8 4 8 4 5 7
293.6; 7.1541195255158465; True; 1 14 24 107 161 175 248 314 372 464 524 606 607 692 731; 4 1 5 12 9 7 5 6 7 5 9 4 5 8
294.7; 7.164947372621842; True; 1 24 107 161 175 248 314 372 464 524 584 606 607 692 731; 5 1 5 12 8 6 5 6 7 5 9 4 5 8
297.5; 7.171141151028382; True; 1 24 107 161 175 248 314 372 420 464 524 606 607 692 859; 5 1 5 11 8 6 5 7 8 4 8 4 6 7
298.5; 7.177536499929862; True; 1 24 107 118 161 175 248 314 372 420 464 524 606 607 692; 5 1 4 12 8 7 6 6 9 4 8 5 5 7
298.7; 7.20002926655377; True; 1 24 107 161 175 248 314 372 420 464 524 606 607 692 731; 5 1 5 12 8 7 5 7 8 4 9 4 5 8
304.6; 7.201123897207379; True; 1 14 24 107 161 175 248 314 372 420 464 524 606 692 731; 5 1 4 12 9 8 5 7 7 5 9 4 5 8
305.7; 7.204119982655925; True; 1 24 107 161 175 248 314 372 420 464 524 584 606 692 731; 6 1 4 12 8 7 5 7 7 5 9 4 5 8
307.5; 7.214313897424399; True; 1 24 107 161 175 248 314 372 420 464 524 606 692 731 859; 5 1 5 11 8 7 5 8 7 4 8 4 6 7
309.2; 7.227629649571009; True; 1 24 107 118 161 175 248 314 372 420 464 524 606 692 731; 5 1 4 12 8 8 6 7 8 4 8 5 5 7
311.8; 7.245265839457462; True; 1 24 118 161 175 228 248 314 372 420 464 524 606 607 692 859; 5 1 5 12 9 6 6 6 10 4 8 4 6 7
313.1; 7.27415784926368; True; 1 24 118 161 175 228 248 314 372 420 464 524 606 607 692 731; 5 1 5 13 9 7 6 6 10 4 9 4 5 8
322.7; 7.282168778304642; True; 1 24 118 161 175 248 253 314 372 420 464 524 606 607 692 731; 5 1 5 13 8 7 5 7 9 5 10 4 4 9
323; 7.292699003043929; True; 1 24 107 175 228 248 314 372 420 464 515 524 584 607 692 731; 5 1 5 13 7 7 6 7 8 4 10 4 5 9
323.6; 7.298853076409706; True; 1 24 118 161 175 248 314 372 420 464 524 606 607 692 731 859; 5 1 6 12 8 7 5 7 9 4 9 4 5 8
325.2; 7.3044905277734875; True; 1 24 107 148 175 248 314 372 420 464 524 584 606 607 692 731; 5 1 5 13 8 6 6 7 8 4 9 4 6 9
325.9; 7.313234291694724; True; 1 24 107 175 228 248 314 372 420 464 524 584 606 607 692 731; 5 1 5 13 8 6 6 7 9 4 9 4 6 8
326.8; 7.328175661438323; True; 1 24 107 161 175 228 248 314 372 464 524 584 606 607 692 731; 5 1 5 13 9 6 6 6 8 5 9 4 6 8
330.7; 7.356981400993131; True; 1 24 107 161 175 228 248 314 372 420 464 524 606 607 692 731; 5 1 5 13 9 7 6 7 9 4 9 4 6 8
336.8; 7.362482474751174; True; 1 14 24 107 161 175 248 314 372 420 464 524 606 607 692 731; 5 1 5 13 9 8 5 7 8 5 10 4 5 9
338; 7.365487984890899; True; 1 24 107 161 175 248 314 372 420 464 524 584 606 607 692 731; 6 1 5 13 8 7 5 7 8 5 10 4 5 9
339.6; 7.3718064585074154; True; 1 24 107 118 161 175 248 314 372 420 464 524 606 607 692 859; 5 1 5 12 8 7 6 7 9 4 8 5 6 7
340.3; 7.371990911464915; True; 1 24 107 118 161 175 248 314 372 464 524 584 606 607 692 731; 5 1 5 13 8 7 6 6 8 5 9 5 5 8
341.8; 7.392696953259666; True; 1 24 107 118 161 175 248 314 372 420 464 524 606 607 692 731; 5 1 5 13 8 8 6 7 9 4 9 5 5 8
349; 7.401228167498113; True; 1 24 107 161 175 248 314 372 420 464 524 606 607 692 731 829; 6 1 5 13 9 7 5 7 9 4 9 5 6 8
351.2; 7.413467412985825; True; 1 24 107 118 161 175 248 314 372 420 464 524 606 692 731 859; 5 1 5 12 8 8 6 8 8 4 8 5 6 7
355.9; 7.417637739652229; True; 1 24 107 144 161 175 248 314 372 420 464 524 606 607 692 731; 5 1 5 13 9 8 6 7 9 5 9 4 5 8
357.8; 7.421110129793434; True; 1 24 118 161 175 228 314 372 420 464 524 584 606 607 692 731 859; 6 1 6 14 8 6 6 7 9 4 9 4 6 8
359.7; 7.428782511496954; True; 1 24 107 175 228 248 314 372 463 464 524 584 607 692 731 747 859; 5 1 6 13 8 7 6 7 8 4 10 4 6 9
363.7; 7.4383841070347145; True; 1 24 107 144 161 175 248 314 372 420 464 524 606 692 731 859; 5 1 5 12 9 8 6 8 8 5 8 4 6 7
365.3; 7.464191370640999; True; 1 24 118 161 175 248 314 372 420 464 524 584 606 607 692 731 859; 6 1 6 13 8 7 5 7 9 5 10 4 5 9
366.1; 7.484014962667563; True; 1 24 118 161 175 228 248 314 372 420 464 524 584 606 692 731 859; 6 1 5 13 9 7 6 7 9 5 9 4 6 8
371.5; 7.486996888431823; True; 1 24 118 161 175 248 314 317 372 420 464 524 606 607 692 731 859; 5 1 6 13 9 8 6 7 9 5 9 4 5 8
372.3; 7.509336958017644; True; 1 24 107 148 161 175 248 314 372 420 464 524 584 606 607 692 731; 6 1 5 14 9 7 6 7 8 5 10 4 6 10
378; 7.511482288626001; True; 1 24 107 118 161 175 248 314 372 420 464 524 606 607 692 731 770; 6 1 5 14 8 8 6 8 9 4 10 5 5 9
382.1; 7.537441283407948; True; 1 14 24 107 161 175 228 248 314 372 420 464 524 607 692 731 829; 6 1 5 14 10 8 6 7 9 4 10 5 6 9
383.7; 7.541454428747589; True; 1 24 107 161 175 228 248 314 372 420 464 524 584 606 692 731 859; 6 1 5 13 9 7 6 8 8 5 9 4 7 8
386.7; 7.560743301054712; True; 1 24 107 118 161 175 248 314 372 420 464 524 606 607 692 731 859; 5 1 6 13 8 8 6 8 9 4 9 5 6 8
391.8; 7.563006187061794; True; 1 24 107 118 161 175 248 314 317 372 420 464 524 606 607 692 731; 5 1 5 14 9 9 7 7 9 5 9 5 5 8
394.5; 7.570075705321604; True; 1 24 107 161 175 248 253 314 372 420 464 524 606 607 692 731 829; 6 1 5 14 9 7 5 8 9 5 10 5 6 9
394.9; 7.5889436427400145; True; 1 24 107 118 161 175 248 314 372 420 464 524 584 606 692 731 859; 6 1 5 13 8 8 6 8 8 5 9 5 6 8
405.1; 7.593396842300207; True; 1 24 107 161 175 248 314 372 420 437 464 524 584 606 692 731 859; 6 1 6 12 8 7 6 8 7 5 9 5 6 8
408; 7.596377143997599; True; 1 24 107 144 161 175 248 314 372 420 464 524 584 606 692 731 859; 6 1 5 13 9 8 6 8 8 6 9 4 6 8
410.6; 7.596597095626461; True; 1 24 107 118 161 175 248 314 372 420 464 524 606 692 731 845 859; 6 1 5 13 9 9 6 8 8 5 8 5 6 8
411.1; 7.5970366649776535; True; 1 24 118 161 175 248 314 372 420 464 480 524 584 606 692 731 859; 6 1 5 13 9 8 6 7 9 6 9 5 5 8
411.8; 7.606058749410314; True; 1 24 107 161 175 228 248 314 372 420 464 480 524 584 607 692 859; 6 1 5 13 9 7 7 7 9 5 9 5 6 8
413.8; 7.625518228971638; True; 1 24 107 161 175 228 248 314 372 420 464 480 524 606 607 692 731; 5 1 5 14 10 8 7 7 10 5 9 5 6 8
415.3; 7.641176546613114; True; 1 24 107 161 175 228 248 314 372 464 524 584 606 607 692 731 747 859; 6 1 6 14 10 7 6 7 9 5 10 4 7 9
420; 7.665674780993894; True; 1 24 107 148 161 175 248 314 372 420 464 524 584 606 607 692 731 859; 6 1 6 14 9 7 6 8 8 5 10 4 7 10
425.7; 7.670709595223797; True; 1 14 24 107 161 175 248 314 372 420 464 524 584 606 607 692 731 859; 6 1 6 14 9 8 5 8 8 6 11 4 6 10
427.1; 7.698448538015329; True; 1 14 24 107 161 175 228 248 314 372 420 464 524 606 607 692 731 829; 6 1 5 15 11 8 6 7 10 5 10 5 7 9
432.3; 7.726238046802638; True; 1 24 107 118 161 175 248 314 372 420 464 524 584 606 607 692 731 859; 6 1 6 14 8 8 6 8 9 5 10 5 6 9
445.8; 7.731427587050948; True; 1 24 107 161 175 248 314 317 372 420 464 524 584 607 692 731 829 859; 7 1 6 14 9 8 6 8 8 5 10 5 6 9
448.8; 7.743744878592461; True; 1 24 107 161 175 248 314 317 372 420 464 524 606 607 692 731 829 859; 6 1 6 14 10 8 6 8 9 5 9 5 7 8
456.7; 7.743979865241843; True; 1 24 107 161 175 248 314 317 372 420 464 524 584 606 692 731 829 859; 7 1 5 14 10 8 6 8 8 6 9 5 7 8
458.4; 7.75648396444261; True; 1 24 107 161 175 248 253 314 372 420 437 464 524 606 607 692 731 829; 6 1 6 14 9 7 6 8 9 5 10 6 6 9
459.9; 7.768342058644533; True; 1 24 107 144 161 175 248 314 372 420 464 524 606 607 692 731 829 859; 6 1 6 14 10 8 6 8 10 5 9 5 7 8
462.1; 7.771807878999105; True; 1 24 107 148 161 175 248 314 372 420 464 480 524 584 607 692 731 859; 6 1 6 14 9 8 7 8 8 5 10 5 6 10
462.5; 7.781827152932428; True; 1 24 107 161 175 228 248 314 372 420 464 480 524 606 607 692 731 859; 5 1 6 14 10 8 7 8 10 5 9 5 7 8
469.9; 7.803525395576532; True; 1 24 107 161 175 248 314 372 420 464 480 524 584 606 607 692 731 859; 6 1 6 14 9 8 6 8 9 6 10 5 6 9
471.8; 7.808548551240405; True; 1 24 107 118 161 175 248 314 372 420 464 480 524 606 607 692 731 859; 5 1 6 14 9 9 7 8 10 5 9 6 6 8
479.5; 7.8169038393756605; True; 1 24 107 148 175 248 314 317 372 420 464 515 524 584 607 692 731 829 859; 6 1 6 15 9 8 7 8 8 5 10 5 7 10
481.9; 7.821251431545941; True; 1 24 107 161 175 248 314 372 420 464 480 524 606 607 692 731 829 859; 6 1 6 14 10 8 6 8 10 5 9 6 7 8
487; 7.826204423499252; True; 1 24 107 118 148 175 248 314 317 372 420 464 524 584 606 607 692 731 829; 6 1 5 16 10 8 8 7 10 5 9 6 7 9
487; 7.826981336911993; True; 1 24 107 161 175 248 314 317 372 420 464 480 524 607 692 731 829 859; 6 1 6 14 10 9 7 8 9 5 9 6 6 8
490.5; 7.8512583487190755; True; 1 24 107 118 161 175 248 314 317 369 372 420 464 524 606 607 692 829 859; 6 1 6 15 10 8 7 8 10 5 8 6 7 8
490.7; 7.8561244442423; True; 1 24 107 148 161 175 248 314 317 372 420 464 524 606 607 692 731 829 859; 6 1 6 15 11 8 7 8 9 5 9 5 8 9
493.5; 7.856910060300787; True; 1 24 107 161 175 248 314 317 369 372 420 464 524 606 607 692 731 829 859; 6 1 7 15 10 8 6 9 9 5 9 5 7 9
496.6; 7.881156321075563; True; 1 24 107 161 175 248 314 317 372 420 464 524 584 606 607 692 731 829 859; 7 1 6 15 10 8 6 8 9 6 10 5 7 9
501.7; 7.883434293683009; True; 1 24 107 161 175 248 314 317 372 420 437 464 524 584 606 607 692 731 859; 6 1 7 14 9 8 7 8 8 6 10 5 6 9
505.8; 7.886998045671099; True; 1 24 107 161 175 248 314 372 420 437 464 524 584 606 607 692 731 829 859; 7 1 7 14 9 7 6 8 9 5 10 6 7 9
514.5; 7.906011625271413; True; 1 24 118 161 175 248 253 314 372 420 464 480 524 606 607 692 731 829 859; 6 1 6 15 10 8 6 8 11 6 10 6 6 9
521.1; 7.922206277439017; True; 1 24 107 161 175 228 248 314 317 372 420 464 480 524 606 607 692 731 859; 5 1 6 15 11 9 8 8 10 6 9 5 7 8
523.8; 7.931813703959139; True; 1 24 107 148 161 175 248 314 372 420 464 480 524 584 607 692 731 829 859; 7 1 6 15 10 8 7 8 9 5 10 6 7 10
525.5; 7.933588510196653; True; 1 24 107 161 175 228 248 314 372 420 464 480 524 606 607 692 731 829 859; 6 1 6 15 11 8 7 8 11 5 9 6 8 8
528.6; 7.9419087743656; True; 1 24 107 161 175 248 314 317 372 420 464 480 524 584 606 607 692 731 859; 6 1 6 15 10 9 7 8 9 7 10 5 6 9
532.2; 7.950608224784231; True; 1 24 107 161 175 248 253 314 372 420 464 480 524 584 607 692 731 829 859; 7 1 6 15 9 8 6 9 9 6 11 6 6 10
532.6; 7.958659427052933; True; 1 24 107 161 175 248 314 372 420 464 480 524 584 606 607 692 731 829 859; 7 1 6 15 10 8 6 8 10 6 10 6 7 9
535.2; 7.965718970244221; True; 1 24 107 161 175 248 253 314 372 420 464 480 524 606 607 692 731 829 859; 6 1 6 15 10 8 6 9 10 6 10 6 7 9
540.6; 7.970346876230093; True; 1 24 107 161 175 248 314 317 372 420 464 480 524 606 607 692 731 829 859; 6 1 6 15 11 9 7 8 10 6 9 6 7 8
548.1; 7.993788813818705; True; 1 24 107 161 175 248 314 317 372 420 464 515 524 584 606 607 692 731 829 859; 7 1 6 16 10 9 6 8 9 7 11 5 7 10
562.6; 8.024895960107486; True; 1 24 107 161 175 248 253 314 372 420 437 464 515 524 606 607 692 731 829 859; 6 1 7 15 9 8 6 9 9 6 11 6 7 10
571.7; 8.02938377768521; True; 1 24 118 161 175 248 314 317 372 420 464 480 524 584 606 607 692 731 829 859; 7 1 6 16 11 9 7 7 11 7 10 6 6 9
577.3; 8.03261876085072; True; 1 24 107 148 161 175 248 314 369 372 420 464 480 515 524 607 692 731 829 859; 6 1 7 16 10 9 7 9 9 5 10 6 7 11
578.5; 8.066698550422995; True; 1 24 107 148 161 175 248 314 372 420 464 480 524 584 606 607 692 731 829 859; 7 1 6 16 11 8 7 8 10 6 10 6 8 10
592.3; 8.086715663944883; True; 1 24 107 118 161 175 248 314 372 420 464 480 515 524 606 607 692 731 829 859; 6 1 6 16 10 10 7 8 11 6 10 7 7 9
592.9; 8.088844562727004; True; 1 24 107 161 175 248 253 314 317 372 420 464 480 524 584 607 692 731 829 859; 7 1 6 16 10 9 7 9 9 7 11 6 6 10
593; 8.098643725817057; True; 1 24 107 148 161 175 248 314 317 372 420 464 515 524 584 606 607 692 731 829 859; 7 1 6 17 11 9 7 8 9 7 11 5 8 11
620.2; 8.10140335055533; True; 1 24 107 161 175 228 248 314 372 420 464 480 515 524 606 607 692 731 829 835; 6 1 6 16 11 9 7 8 11 6 11 7 7 10
621.7; 8.117933835039642; True; 1 24 107 161 175 248 314 372 420 437 464 480 524 606 607 692 731 829 845 859; 7 1 7 15 11 9 7 8 10 6 9 7 7 9
631.7; 8.12515582958053; True; 1 24 107 161 175 248 253 314 372 420 464 480 524 606 607 692 731 829 835 859; 6 1 7 15 10 8 6 10 10 6 11 7 7 10
642.5; 8.137986732723531; True; 1 24 107 120 161 175 248 314 372 420 464 480 524 584 606 607 692 731 747 829 859; 8 1 6 17 12 10 6 9 11 6 12 6 7 11
649.6; 8.144885418287142; True; 1 24 107 161 175 228 248 253 314 372 396 420 464 480 524 584 607 692 829 845 859; 8 1 6 16 11 8 7 9 10 7 10 6 7 10
653.5; 8.167021795790257; True; 1 24 107 118 148 161 248 314 317 372 420 437 464 524 606 607 692 731 829 845 859; 7 1 7 16 11 10 8 8 9 6 9 6 8 10
658.2; 8.174931593528441; True; 1 24 107 148 161 175 248 314 372 420 464 480 524 584 606 607 692 731 770 835 859; 7 1 7 16 10 8 7 10 9 6 12 6 7 12
678.5; 8.195622943586937; True; 1 24 107 118 161 175 248 314 372 420 437 464 480 524 584 606 607 692 829 845 859; 8 1 6 16 11 9 8 7 11 7 9 8 7 9
685.3; 8.220369632451394; True; 1 14 24 107 161 175 248 314 372 420 437 464 480 524 606 607 692 731 829 846 859; 6 1 7 16 11 9 8 8 10 6 10 8 8 9
708.1; 8.228143607597742; True; 1 24 107 161 175 225 248 314 317 372 420 464 480 524 606 607 692 731 829 835 859; 7 1 7 16 11 9 7 9 11 6 10 7 8 9
714.8; 8.266466895440242; True; 1 24 107 161 175 248 314 317 372 420 464 480 524 606 607 692 731 829 835 845 859; 7 1 7 16 12 10 7 9 10 7 10 7 7 10
737.7; 8.293804359919337; True; 1 24 107 118 137 144 161 248 314 372 420 437 464 524 584 606 607 692 731 829 845 859; 9 1 7 16 11 10 7 8 10 7 11 7 7 11
755.1; 8.296006669313673; True; 1 24 107 118 144 175 248 253 314 372 420 437 464 468 480 524 584 607 692 731 829 859; 6 1 7 16 9 9 9 9 11 6 10 9 7 9
772.6; 8.324076579739486; True; 1 24 107 161 175 248 314 317 372 420 464 480 524 550 584 607 692 731 820 829 835 859; 7 1 7 16 11 9 8 9 11 7 11 7 7 10
779.9; 8.336259552014194; True; 1 24 107 148 175 248 314 317 372 420 463 464 480 524 584 606 692 731 735 829 835 859; 6 1 7 16 11 9 8 10 9 7 10 8 8 10
791.9; 8.336259552014194; True; 1 24 107 144 161 175 248 253 314 372 420 464 480 524 692 731 735 770 829 845 846 859; 8 1 6 17 11 10 8 11 9 7 10 8 7 10
797; 8.346548558548474; True; 1 24 107 161 175 206 248 314 317 372 420 464 480 524 606 607 678 692 731 829 845 859; 8 1 7 17 13 10 8 9 10 7 11 7 7 10
805.6; 8.357934847000454; True; 1 24 107 144 161 175 248 253 314 317 372 420 464 480 524 584 607 692 731 735 829 835; 7 1 7 17 11 10 8 10 10 8 12 8 5 11
841.7; 8.366236123718293; True; 1 24 66 107 161 175 228 314 372 420 464 480 524 606 607 692 731 753 829 835 845 859; 8 1 8 17 11 8 7 10 11 6 9 8 9 10
855.5; 8.374748346010104; True; 1 24 107 148 161 175 248 253 314 372 420 464 480 524 528 606 692 707 731 781 829 845 859; 7 1 6 19 13 9 9 10 11 7 9 8 8 10
865.2; 8.39898106665813; True; 1 4 24 107 161 175 228 248 314 317 372 420 437 480 524 606 607 692 731 735 829 845 859; 6 1 8 17 13 10 9 9 12 7 8 8 8 8
871; 8.430075055551939; True; 1 24 66 107 144 175 248 314 317 372 420 464 480 524 606 607 678 692 731 747 829 845 859; 7 1 6 18 14 11 9 9 13 8 10 7 8 9
930.7; 8.436480695009495; True; 1 24 47 107 144 161 228 248 253 314 372 420 464 480 524 678 692 735 829 835 845 846 859; 7 1 7 16 13 9 9 12 9 7 10 8 8 9
955.9; 8.441066406639262; True; 1 66 107 138 144 161 248 314 317 372 420 464 480 515 524 550 606 692 731 735 747 835 859; 6 1 6 15 11 11 9 9 11 9 10 8 8 9
962.4; 8.461948495203762; True; 1 24 107 114 144 161 175 248 314 372 420 464 480 515 524 584 606 682 692 717 731 770 835 859; 7 1 7 18 12 10 8 10 10 8 12 8 7 11
965.5; 8.516006230386047; True; 1 24 107 144 161 175 248 314 317 372 420 437 464 480 524 606 607 617 692 731 829 835 845 859; 7 1 8 17 14 11 9 9 11 8 10 8 7 10
984.4; 8.557507201905658; True; 1 24 107 144 161 228 248 253 314 372 420 422 464 480 524 606 607 678 692 731 829 835 846 859; 7 1 7 18 12 9 9 11 12 7 13 8 9 10
1015; 8.597146487833696; True; 1 24 95 107 144 161 248 253 314 372 420 464 480 524 584 606 692 731 735 781 829 845 846 859; 8 1 7 19 12 11 8 11 9 9 10 9 9 10
1130; 8.612783856719735; True; 1 24 107 129 161 175 248 314 372 420 464 480 485 524 584 606 607 692 731 735 747 829 835 845 859 861; 10 1 8 20 13 10 7 10 12 7 14 9 8 14
