M: 16
Instance: 1
Algorithm: NSGA-II
Iteration: 800
Population Size: 1000
Running Time:  9.05e+04 seconds
Required Skills:  0 1 4 5 9 10 11 12 14 15 16 18 22 23 24 26 
Distance; Skill Score; isValid; Team; Skill Counts
22.67; -0.6424462802569195; True; 1 152 373 695; 2 1 1 3 2 1 1 2 1 1 2 1 1 1 2 1
24.56; -0.4878494630779677; True; 1 152 373 527; 1 1 1 3 2 2 1 2 1 1 3 1 1 1 2 1
33.45; 0.4312028845565159; True; 1 152 315 373 695; 3 1 1 3 3 1 2 2 2 1 2 1 1 2 2 1
34.47; 0.4416951356407175; True; 1 152 162 373 695; 3 1 1 4 3 2 1 2 1 2 3 1 1 1 3 1
34.48; 0.4784221877400814; True; 1 152 373 422 695; 3 1 1 4 2 2 1 3 2 1 3 1 1 1 3 1
35.31; 0.6085260335771938; True; 1 152 373 609 695; 2 1 1 4 3 1 1 2 2 2 2 1 2 2 2 1
37.31; 0.7085908451503435; True; 1 152 315 373 527; 2 1 1 3 3 2 2 2 2 1 3 1 1 2 2 1
38.26; 0.8344842853348045; True; 1 29 152 373 527; 2 1 1 4 3 2 1 3 2 1 4 1 2 1 3 1
39.43; 1.2808059283936668; True; 1 152 373 527 695; 2 1 1 4 3 2 2 2 2 1 3 2 2 2 2 1
47.01; 1.420945405921973; True; 1 119 152 162 373 695; 3 1 1 5 3 3 2 2 2 2 3 2 1 1 3 1
49.11; 1.5145477526602864; True; 1 152 162 373 609 695; 3 1 1 5 4 2 1 2 2 3 3 1 2 2 3 1
49.12; 1.597804842404292; True; 1 152 373 422 609 695; 3 1 1 5 3 2 1 3 3 2 3 1 2 2 3 1
52.8; 1.6667986836661743; True; 1 24 152 373 609 695; 2 1 2 5 4 2 1 3 2 2 3 1 2 2 3 1
52.96; 1.7155855518931968; True; 1 29 152 373 527 849; 3 1 1 5 4 3 1 3 2 2 4 1 3 1 4 1
53.16; 1.7166709755601364; True; 1 19 29 373 527 849; 2 1 1 5 4 2 2 3 2 3 3 1 3 1 3 1
53.17; 1.9345994382180738; True; 1 152 315 373 527 695; 3 1 1 4 4 2 3 2 3 1 3 2 2 3 2 1
55.08; 1.955832010232422; True; 1 152 373 527 610 695; 2 1 2 5 3 2 2 2 3 1 4 2 2 2 3 1
55.15; 2.096214585346406; True; 1 152 373 422 527 695; 3 1 1 5 3 3 2 3 3 1 4 2 2 2 3 1
56; 2.1376705372367546; True; 1 152 162 373 527 695; 3 1 1 5 4 3 2 2 2 2 4 2 2 2 3 1
57.04; 2.1778249718646823; True; 1 29 152 373 527 695; 3 1 1 5 4 2 2 3 3 1 4 2 3 2 3 1
57.11; 2.211921084308509; True; 1 152 373 527 695 849; 3 1 1 5 4 3 2 2 2 2 3 2 3 2 3 1
61.98; 2.227629649571009; True; 1 19 162 373 422 609 695; 3 1 1 6 4 2 2 3 3 4 3 1 2 2 3 1
63.69; 2.238547887681328; True; 1 152 373 483 527 695; 2 1 1 5 4 3 3 2 3 2 3 3 2 2 2 1
63.94; 2.2607866686549762; True; 1 152 162 176 373 609 695; 3 1 1 6 5 2 2 2 3 3 3 2 2 2 3 1
63.95; 2.316599302093861; True; 1 152 176 373 422 609 695; 3 1 1 6 4 2 2 3 4 2 3 2 2 2 3 1
64.01; 2.36716948853468; True; 1 119 152 162 373 609 695; 3 1 1 6 4 3 2 2 3 3 3 2 2 2 3 1
64.56; 2.3998467127129217; True; 1 119 152 373 422 609 695; 3 1 1 6 3 3 2 3 4 2 3 2 2 2 3 1
67.56; 2.412964271996662; True; 1 24 152 176 373 609 695; 2 1 2 6 5 2 2 3 3 2 3 2 2 2 3 1
68.38; 2.42209716313171; True; 1 24 152 315 373 609 695; 3 1 2 5 5 2 2 3 3 2 3 1 2 3 3 1
68.49; 2.4473131088235682; True; 1 119 152 373 467 609 695; 3 1 2 6 3 2 2 3 3 2 3 2 2 2 3 1
68.76; 2.4480876666923415; True; 1 162 293 373 422 527 695; 3 1 1 5 4 3 2 3 3 2 4 2 2 2 3 1
68.96; 2.486146996806573; True; 1 152 315 373 527 695 863; 3 1 2 4 4 2 3 3 3 1 3 2 2 4 2 1
69; 2.5232260419657013; True; 1 19 315 373 467 527 695; 3 1 2 5 4 1 4 3 3 2 3 2 2 3 2 1
70.05; 2.5995555909859807; True; 1 19 315 373 422 527 695; 3 1 1 5 4 2 4 3 4 2 3 2 2 3 2 1
70.84; 2.6976651626476738; True; 1 152 315 373 467 527 695; 4 1 2 5 4 2 3 3 3 1 4 2 2 3 3 1
72.59; 2.7746629225378214; True; 1 152 162 373 422 527 695; 4 1 1 6 4 4 2 3 3 2 5 2 2 2 4 1
72.69; 2.7772817916710153; True; 1 19 162 373 422 527 695; 3 1 1 6 4 3 3 3 3 3 4 2 2 2 3 1
73.73; 2.867231714518894; True; 1 152 373 422 527 609 695; 3 1 1 6 4 3 2 3 4 2 4 2 3 3 3 1
74.64; 2.914766136925852; True; 1 152 373 467 527 609 695; 3 1 2 6 4 2 2 3 3 2 4 2 3 3 3 1
75.68; 2.9332341287148083; True; 1 29 152 373 527 695 849; 4 1 1 6 5 3 2 3 3 2 4 2 4 2 4 1
77.46; 2.9636461864848442; True; 1 24 152 373 527 609 695; 2 1 2 6 5 3 2 3 3 2 4 2 3 3 3 1
79.55; 2.9706722426897194; True; 1 24 152 373 527 695 849; 3 1 2 6 5 4 2 3 2 2 4 2 3 2 4 1
79.58; 2.9795938958489305; True; 1 119 152 162 373 422 609 695; 4 1 1 7 4 4 2 3 4 3 4 2 2 2 4 1
83.78; 2.992155711042617; True; 1 19 162 373 422 609 685 695; 3 1 2 7 5 2 2 3 3 4 3 2 3 2 3 1
85.24; 3.0253058652647695; True; 1 24 152 176 315 373 518 695; 3 1 2 6 5 3 3 3 3 2 4 2 2 2 4 1
85.28; 3.0484418035504053; True; 1 152 373 467 483 527 695; 3 1 2 6 4 3 3 3 3 2 4 3 2 2 3 1
85.6; 3.077367905284156; True; 1 119 152 162 373 467 609 695; 4 1 2 7 4 3 2 3 3 3 4 2 2 2 4 1
86.87; 3.1003705451175634; True; 1 19 315 373 422 527 695 863; 3 1 2 5 4 2 4 4 4 2 3 2 2 4 2 1
87.59; 3.164055291893451; True; 1 19 121 315 373 467 527 695; 3 1 2 6 5 2 4 4 3 2 4 2 2 3 3 1
89.5; 3.1942367487238297; True; 1 19 315 373 422 527 610 695; 3 1 2 6 4 2 4 3 5 2 4 2 2 3 3 1
90.35; 3.2377949932739227; True; 1 19 315 373 467 527 695 751; 4 1 2 6 5 2 4 3 4 2 4 2 2 3 3 1
90.42; 3.256958152560932; True; 1 19 162 315 373 422 527 695; 4 1 1 6 5 3 4 3 4 3 4 2 2 3 3 1
90.6; 3.309417225778139; True; 1 19 315 373 422 467 527 695; 4 1 2 6 4 2 4 4 4 2 4 2 2 3 3 1
91.27; 3.3302107845715287; True; 1 19 24 315 373 467 527 695; 3 1 3 6 5 2 4 4 3 2 4 2 2 3 3 1
91.34; 3.3484995702838383; True; 1 19 162 373 422 527 609 695; 3 1 1 7 5 3 3 3 4 4 4 2 3 3 3 1
91.53; 3.3525683861793087; True; 1 19 315 373 467 518 527 695; 3 1 2 6 4 2 4 3 3 3 4 2 3 3 3 1
92.24; 3.3948017771627104; True; 1 152 315 373 467 527 609 695; 4 1 2 6 5 2 3 3 4 2 4 2 3 4 3 1
93.17; 3.396896449142524; True; 1 152 162 373 422 527 609 695; 4 1 1 7 5 4 2 3 4 3 5 2 3 3 4 1
93.3; 3.4014005407815446; True; 1 19 24 315 373 518 527 695; 2 1 2 6 5 3 4 3 3 3 4 2 3 3 3 1
93.4; 3.4519398693651038; True; 1 19 373 422 467 527 609 695; 3 1 2 7 4 2 3 4 4 3 4 2 3 3 3 1
95.31; 3.499549625905148; True; 1 152 373 422 467 527 609 695; 4 1 2 7 4 3 2 4 4 2 5 2 3 3 4 1
96.06; 3.500785172917455; True; 1 19 24 373 422 527 609 695; 2 1 2 7 5 3 3 4 4 3 4 2 3 3 3 1
98.01; 3.520352504083318; True; 1 24 152 373 467 527 609 695; 3 1 3 7 5 3 2 4 3 2 5 2 3 3 4 1
98.98; 3.5474054596674893; True; 1 24 152 373 422 527 609 695; 3 1 2 7 5 4 2 4 4 2 5 2 3 3 4 1
101.1; 3.6028193424326993; True; 1 19 24 29 373 527 695 849; 3 1 2 7 6 3 3 4 3 3 4 2 4 2 4 1
105.7; 3.6196150057428067; True; 1 119 152 162 373 422 609 685 695; 4 1 2 8 5 4 2 3 4 3 4 3 3 2 4 1
107.6; 3.6344772701607315; True; 1 24 152 176 315 373 518 609 695; 3 1 2 7 6 3 3 3 4 3 4 2 3 3 4 1
108.4; 3.648945182165672; True; 1 19 176 315 373 422 467 527 695; 4 1 2 7 5 2 5 4 5 2 4 3 2 3 3 1
109; 3.6840370374865206; True; 1 19 24 176 315 373 467 527 695; 3 1 3 7 6 2 5 4 4 2 4 3 2 3 3 1
109.3; 3.719497016610582; True; 1 19 176 315 373 467 518 527 695; 3 1 2 7 5 2 5 3 4 3 4 3 3 3 3 1
110; 3.7224693858840308; True; 1 19 121 315 373 467 527 609 695; 3 1 2 7 6 2 4 4 4 3 4 2 3 4 3 1
110.2; 3.75762374590839; True; 1 19 162 315 373 422 527 695 863; 4 1 2 6 5 3 4 4 4 3 4 2 2 4 3 1
111.6; 3.7579271831133294; True; 1 152 176 315 373 467 527 587 695; 5 1 2 7 5 2 4 3 4 2 5 3 3 3 4 1
111.9; 3.7740788007525197; True; 1 19 162 315 373 422 527 610 695; 4 1 2 7 5 3 4 3 5 3 5 2 2 3 4 1
112.1; 3.8535156967569293; True; 1 19 315 373 422 467 527 609 695; 4 1 2 7 5 2 4 4 5 3 4 2 3 4 3 1
112.9; 3.8652224562901782; True; 1 19 162 373 422 527 609 610 695; 3 1 2 8 5 3 3 3 5 4 5 2 3 3 4 1
113.6; 3.8885725968575997; True; 1 19 24 315 373 467 527 609 695; 3 1 3 7 6 2 4 4 4 3 4 2 3 4 3 1
114.3; 3.89614025144202; True; 1 19 24 315 373 467 527 587 695; 4 1 3 7 5 2 4 4 3 3 5 2 3 3 4 1
114.4; 3.9166644645413964; True; 1 19 24 249 315 373 467 527 695; 3 1 3 6 6 3 4 4 4 3 5 2 2 3 4 1
114.8; 3.958038016098337; True; 1 19 24 315 373 467 518 527 695; 3 1 3 7 5 3 4 4 3 3 5 2 3 3 4 1
115.8; 3.9804578922760996; True; 1 19 162 373 422 467 527 609 695; 4 1 2 8 5 3 3 4 4 4 5 2 3 3 4 1
118.4; 3.987129767659898; True; 1 24 152 315 373 467 527 609 695; 4 1 3 7 6 3 3 4 4 2 5 2 3 4 4 1
118.8; 3.996424103955091; True; 1 119 152 162 373 467 527 609 695; 4 1 2 8 5 4 3 3 4 3 5 3 3 3 4 1
119.3; 4.015359755409214; True; 1 19 24 162 373 422 527 609 695; 3 1 2 8 6 4 3 4 4 4 5 2 3 3 4 1
119.5; 4.02938377768521; True; 1 19 24 373 422 467 527 609 695; 3 1 3 8 5 3 3 5 4 3 5 2 3 3 4 1
121; 4.030599721965951; True; 1 19 373 422 467 527 609 695 849; 4 1 2 8 5 3 3 4 4 4 4 2 4 3 4 1
123.4; 4.073351702386901; True; 1 19 24 29 373 422 527 609 695; 3 1 2 8 6 3 3 5 5 3 5 2 4 3 4 1
124.5; 4.073351702386901; True; 1 19 24 29 373 527 609 695 849; 3 1 2 8 7 3 3 4 4 4 4 2 5 3 4 1
126.5; 4.082426300860773; True; 1 19 24 29 373 422 527 695 849; 4 1 2 8 6 4 3 5 4 3 5 2 4 2 5 1
126.8; 4.0891983668051495; True; 1 29 96 152 373 467 527 695 849; 5 1 2 8 6 4 3 4 3 2 5 3 4 3 5 1
127.3; 4.095169351431755; True; 1 24 29 152 373 527 609 695 849; 4 1 2 8 7 4 2 4 4 3 5 2 5 3 5 1
128.7; 4.164055291893451; True; 1 19 152 373 422 467 527 609 695; 4 1 2 8 5 3 3 4 4 3 5 2 3 3 4 2
131.3; 4.171433900943008; True; 1 19 24 152 373 467 527 609 695; 3 1 3 8 6 3 3 4 3 3 5 2 3 3 4 2
132.3; 4.198657086954423; True; 1 19 24 152 373 422 527 609 695; 3 1 2 8 6 4 3 4 4 3 5 2 3 3 4 2
133.3; 4.206556044099029; True; 1 19 24 176 315 373 467 527 609 695; 3 1 3 8 7 2 5 4 5 3 4 3 3 4 3 1
133.8; 4.209783014848515; True; 1 19 162 315 373 422 527 609 695 863; 4 1 2 7 6 3 4 4 5 4 4 2 3 5 3 1
133.9; 4.249687427805302; True; 1 19 24 176 315 373 467 527 587 695; 4 1 3 8 6 2 5 4 4 3 5 3 3 3 4 1
134.4; 4.311541958401195; True; 1 19 24 176 315 373 467 518 527 695; 3 1 3 8 6 3 5 4 4 3 5 3 3 3 4 1
136.6; 4.334252642334231; True; 1 19 162 176 373 422 467 527 609 695; 4 1 2 9 6 3 4 4 5 4 5 3 3 3 4 1
137.4; 4.342620042553348; True; 1 19 162 315 373 422 467 527 609 695; 5 1 2 8 6 3 4 4 5 4 5 2 3 4 4 1
138.8; 4.3780343224573315; True; 1 19 24 315 373 467 518 527 587 695; 4 1 3 8 5 3 4 4 3 4 6 2 4 3 5 1
138.9; 4.399673721481038; True; 1 19 24 249 315 373 467 518 527 695; 3 1 3 7 6 4 4 4 4 4 6 2 3 3 5 1
139.7; 4.403806610547422; True; 1 19 119 162 373 422 467 527 609 695; 4 1 2 9 5 4 4 4 5 4 5 3 3 3 4 1
140.1; 4.413969971748061; True; 1 19 24 315 373 467 518 527 609 695; 3 1 3 8 6 3 4 4 4 4 5 2 4 4 4 1
141; 4.417803722639881; True; 1 19 24 315 373 422 467 527 609 695; 4 1 3 8 6 3 4 5 5 3 5 2 3 4 4 1
143.7; 4.423737249982329; True; 1 24 152 176 373 467 527 587 609 695; 4 1 3 9 6 3 3 4 4 3 6 3 4 3 5 1
144.2; 4.435525851498655; True; 1 24 152 176 373 467 518 527 609 695; 3 1 3 9 6 4 3 4 4 3 6 3 4 3 5 1
145.5; 4.444357125656028; True; 1 24 152 249 315 373 467 527 609 695; 4 1 3 7 7 4 3 4 5 3 6 2 3 4 5 1
145.6; 4.449478399187365; True; 1 19 24 373 422 467 527 587 609 695; 4 1 3 9 5 3 3 5 4 4 6 2 4 3 5 1
145.7; 4.451018452155457; True; 1 19 24 162 373 422 467 527 609 695; 4 1 3 9 6 4 3 5 4 4 6 2 3 3 5 1
145.9; 4.4699692094999595; True; 1 24 152 315 373 467 518 527 609 695; 4 1 3 8 6 4 3 4 4 3 6 2 4 4 5 1
149.2; 4.477265995424853; True; 1 19 24 29 315 373 518 527 695 735; 3 1 3 8 6 4 4 5 4 3 6 2 4 3 5 1
149.5; 4.47798897625089; True; 1 29 119 152 162 373 467 527 609 695; 5 1 2 9 6 4 3 4 5 3 6 3 4 3 5 1
149.6; 4.486996888431822; True; 1 19 24 29 162 373 422 527 609 695; 4 1 2 9 7 4 3 5 5 4 6 2 4 3 5 1
150.7; 4.492341253254974; True; 1 24 152 315 373 467 527 609 695 849; 5 1 3 8 7 4 3 4 4 3 5 2 4 4 5 1
150.9; 4.517723594833736; True; 1 19 24 373 422 467 527 609 695 849; 4 1 3 9 6 4 3 5 4 4 5 2 4 3 5 1
151.3; 4.517855418930029; True; 1 19 152 176 373 422 467 527 609 695; 4 1 2 9 6 3 4 4 5 3 5 3 3 3 4 2
151.9; 4.525692524505011; True; 1 19 24 29 373 422 527 609 695 849; 4 1 2 9 7 4 3 5 5 4 5 2 5 3 5 1
152.1; 4.526210003841664; True; 1 19 152 315 373 422 467 527 609 695; 5 1 2 8 6 3 4 4 5 3 5 2 3 4 4 2
153.9; 4.544935765881503; True; 1 19 24 152 176 373 467 527 609 695; 3 1 3 9 7 3 4 4 4 3 5 3 3 3 4 2
154.6; 4.579440597139797; True; 1 19 24 152 315 373 467 527 609 695; 4 1 3 8 7 3 4 4 4 3 5 2 3 4 4 2
156.1; 4.587261849692535; True; 1 19 119 152 373 422 467 527 609 695; 4 1 2 9 5 4 4 4 5 3 5 3 3 3 4 2
157.8; 4.6089536992758635; True; 1 19 24 176 315 373 467 518 527 610 695; 3 1 4 9 6 3 5 4 5 3 6 3 3 3 5 1
159.1; 4.655714549618709; True; 19 24 176 249 373 467 518 527 587 695 735; 3 1 3 9 6 5 4 4 4 4 7 3 4 2 6 1
160.1; 4.6654871807828115; True; 1 19 162 176 373 422 467 527 609 610 695; 4 1 3 10 6 3 4 4 6 4 6 3 3 3 5 1
160.4; 4.731588765186739; True; 1 19 24 176 315 373 467 518 527 587 695; 4 1 3 9 6 3 5 4 4 4 6 3 4 3 5 1
161.7; 4.731991449018929; True; 1 19 24 176 315 373 467 518 527 609 695; 3 1 3 9 7 3 5 4 5 4 5 3 4 4 4 1
162.5; 4.743352951409555; True; 1 19 24 176 315 373 466 467 518 527 695; 3 1 3 9 6 4 5 4 4 4 6 3 4 3 5 1
164.5; 4.764101376476228; True; 1 19 24 249 315 373 467 518 527 587 695; 4 1 3 8 6 4 4 4 4 5 7 2 4 3 6 1
166.4; 4.764250875438773; True; 1 19 24 176 373 467 527 587 609 695 735; 3 1 4 10 6 3 4 5 4 4 6 3 4 3 5 1
167; 4.7780788619374555; True; 1 19 24 315 373 467 518 527 587 609 695; 4 1 3 9 6 3 4 4 4 5 6 2 5 4 5 1
167.1; 4.792181496149679; True; 1 19 24 249 315 373 467 518 527 609 695; 3 1 3 8 7 4 4 4 5 5 6 2 4 4 5 1
167.6; 4.810568529216413; True; 1 19 24 315 373 467 518 527 609 695 735; 3 1 4 9 6 4 4 5 4 4 6 2 4 4 5 1
168.5; 4.815776920298363; True; 1 24 152 176 315 373 467 518 527 609 695; 4 1 3 9 7 4 4 4 5 3 6 3 4 4 5 1
171.3; 4.849542252005017; True; 1 19 24 315 373 422 467 518 527 609 695; 4 1 3 9 6 4 4 5 5 4 6 2 4 4 5 1
175.5; 4.863441828613709; True; 1 19 24 176 373 422 467 527 609 695 849; 4 1 3 10 7 4 4 5 5 4 5 3 4 3 5 1
176.3; 4.871923031882373; True; 1 19 24 315 373 422 467 527 609 695 849; 5 1 3 9 7 4 4 5 5 4 5 2 4 4 5 1
176.5; 4.8726806071519295; True; 1 19 24 119 373 422 467 527 587 609 695; 4 1 3 10 5 4 4 5 5 4 6 3 4 3 5 1
178.3; 4.89231726072248; True; 1 19 24 152 176 315 373 467 527 609 695; 4 1 3 9 8 3 5 4 5 3 5 3 3 4 4 2
179.5; 4.908753019184534; True; 1 19 24 152 176 315 373 467 518 527 695; 4 1 3 9 7 4 5 4 4 3 6 3 3 3 5 2
181.5; 4.913071740309251; True; 1 19 24 29 315 373 527 609 695 735 849; 4 1 3 9 8 4 4 5 5 4 5 2 5 4 5 1
181.8; 4.91386681189624; True; 1 19 24 119 373 422 467 527 609 695 849; 4 1 3 10 6 5 4 5 5 4 5 3 4 3 5 1
182.8; 4.955687750313507; True; 1 19 119 152 162 373 422 467 527 609 695; 5 1 2 10 6 5 4 4 5 4 6 3 3 3 5 2
183.9; 4.9648251178833895; True; 1 19 24 152 176 373 467 527 587 609 695; 4 1 3 10 7 3 4 4 4 4 6 3 4 3 5 2
184.3; 4.980367026184775; True; 1 19 24 152 176 373 422 467 527 609 695; 4 1 3 10 7 4 4 5 5 3 6 3 3 3 5 2
185.7; 4.9804578922761; True; 1 19 24 152 249 315 373 467 527 609 695; 4 1 3 8 8 4 4 4 5 4 6 2 3 4 5 2
185.7; 5.001300933020419; True; 1 19 24 176 315 373 467 518 527 587 610 695; 4 1 4 10 6 3 5 4 5 4 7 3 4 3 6 1
186; 5.011147360775798; True; 1 19 24 152 315 373 467 518 527 609 695; 4 1 3 9 7 4 4 4 4 4 6 2 4 4 5 2
187; 5.058805486675906; True; 19 24 176 249 315 373 467 518 527 587 695 735; 4 1 3 9 7 5 5 4 5 4 7 3 4 3 6 1
188; 5.059563417901268; True; 1 19 24 176 249 315 373 467 518 527 695 735; 3 1 4 9 7 5 5 5 5 4 7 3 3 3 6 1
188; 5.082066934285113; True; 1 19 24 176 249 315 373 467 518 527 587 695; 4 1 3 9 7 4 5 4 5 5 7 3 4 3 6 1
188.8; 5.100370545117563; True; 1 19 24 176 315 373 467 518 527 587 695 735; 4 1 4 10 6 4 5 5 4 4 7 3 4 3 6 1
191.2; 5.128399268717807; True; 1 19 24 176 315 373 467 518 527 609 695 735; 3 1 4 10 7 4 5 5 5 4 6 3 4 4 5 1
194.9; 5.150142161848558; True; 1 19 24 176 315 373 422 467 518 527 609 695; 4 1 3 10 7 4 5 5 6 4 6 3 4 4 5 1
198.3; 5.154119525515847; True; 1 24 152 176 315 373 467 518 527 587 609 695; 5 1 3 10 7 4 4 4 5 4 7 3 5 4 6 1
198.9; 5.157456768134226; True; 1 24 152 176 315 373 467 518 527 609 695 735; 4 1 4 10 7 5 4 5 5 3 7 3 4 4 6 1
199.6; 5.1649473726218424; True; 1 24 152 176 315 373 466 467 518 527 609 695; 4 1 3 10 7 5 4 4 5 4 7 3 5 4 6 1
201.6; 5.1728946977521755; True; 1 19 24 249 315 373 467 518 527 587 656 695; 4 1 3 8 6 4 4 4 5 5 7 3 5 4 6 1
202.4; 5.183269843682805; True; 1 19 24 315 373 467 518 527 587 656 695 735; 4 1 4 9 5 4 4 5 4 4 7 3 5 4 6 1
202.7; 5.193681029541281; True; 1 19 24 249 315 373 467 527 587 656 695 735; 4 1 4 8 6 4 4 5 5 4 7 3 4 4 6 1
204.9; 5.19423674872383; True; 1 19 24 119 315 373 467 527 587 609 695 735; 4 1 4 10 6 4 5 5 5 4 6 3 4 4 5 1
205.7; 5.200576926754849; True; 1 19 24 119 315 373 422 467 518 527 609 695; 4 1 3 10 6 5 5 5 6 4 6 3 4 4 5 1
206.3; 5.201670179646582; True; 1 19 24 315 373 467 518 527 609 695 735 833; 4 1 4 10 7 4 4 5 5 4 6 3 4 5 5 1
207.1; 5.208710019906402; True; 1 19 152 162 176 373 422 467 527 609 610 695; 5 1 3 11 7 4 4 4 6 4 7 3 3 3 6 2
207.7; 5.213252052196397; True; 1 19 24 315 373 422 467 518 527 609 685 695; 4 1 4 10 7 4 4 5 5 4 6 3 5 4 5 1
208.8; 5.241048150671645; True; 1 19 24 108 249 315 373 467 518 527 587 695; 4 1 3 9 6 5 5 5 4 5 7 3 4 4 6 1
210.3; 5.2748503200166645; True; 1 19 24 152 176 315 373 467 518 527 587 695; 5 1 3 10 7 4 5 4 4 4 7 3 4 3 6 2
211.1; 5.286231854028554; True; 1 19 24 152 176 315 373 467 527 587 609 695; 5 1 3 10 8 3 5 4 5 4 6 3 4 4 5 2
211.6; 5.3240765797394864; True; 1 19 24 152 176 315 373 467 518 527 609 695; 4 1 3 10 8 4 5 4 5 4 6 3 4 4 5 2
216.5; 5.333648756514702; True; 1 19 24 152 176 373 467 527 587 609 695 735; 4 1 4 11 7 4 4 5 4 4 7 3 4 3 6 2
216.7; 5.344195715871434; True; 19 24 176 249 315 373 466 467 518 527 587 695 735; 4 1 3 10 7 6 5 4 5 5 8 3 5 3 7 1
217.3; 5.3465485585484736; True; 1 19 24 152 176 373 422 467 527 587 609 695; 5 1 3 11 7 4 4 5 5 4 7 3 4 3 6 2
217.4; 5.4048337166199385; True; 1 19 24 176 249 315 373 467 518 527 587 695 735; 4 1 4 10 7 5 5 5 5 5 8 3 4 3 7 1
221.1; 5.429590802223302; True; 1 19 24 176 249 315 373 467 518 527 609 695 735; 3 1 4 10 8 5 5 5 6 5 7 3 4 4 6 1
222; 5.464787519645936; True; 1 19 24 176 315 373 467 518 527 587 609 695 735; 4 1 4 11 7 4 5 5 5 5 7 3 5 4 6 1
228.3; 5.474507639116975; True; 1 19 24 176 315 373 422 467 518 527 609 695 735; 4 1 4 11 7 5 5 6 6 4 7 3 4 4 6 1
230.7; 5.476831628512262; True; 1 24 152 176 315 373 467 518 527 587 609 695 735; 5 1 4 11 7 5 4 5 5 4 8 3 5 4 7 1
232; 5.495821753385906; True; 1 19 24 249 315 373 467 518 527 587 656 695 735; 4 1 4 9 6 5 4 5 5 5 8 3 5 4 7 1
235.2; 5.504878459410216; True; 1 19 24 29 176 315 373 467 518 527 609 695 735; 4 1 4 11 8 4 5 6 6 4 7 3 5 4 6 1
237.2; 5.515211304327801; True; 1 19 24 119 315 373 467 518 527 587 609 695 735; 4 1 4 11 6 5 5 5 5 5 7 3 5 4 6 1
239.6; 5.525563058270066; True; 1 19 24 152 176 315 373 467 518 527 587 610 695; 5 1 4 11 7 4 5 4 5 4 8 3 4 3 7 2
240.2; 5.529558673021164; True; 1 19 24 108 249 315 373 467 518 527 587 695 735; 4 1 4 10 6 6 5 6 4 5 8 3 4 4 7 1
240.3; 5.538573733806857; True; 1 19 24 152 176 315 373 467 527 587 609 610 695; 5 1 4 11 8 3 5 4 6 4 7 3 4 4 6 2
240.9; 5.576341350205793; True; 1 19 24 152 176 315 373 467 518 527 609 610 695; 4 1 4 11 8 4 5 4 6 4 7 3 4 4 6 2
243.7; 5.597695185925513; True; 1 19 24 152 176 315 373 467 518 527 587 695 735; 5 1 4 11 7 5 5 5 4 4 8 3 4 3 7 2
245.4; 5.634275694625943; True; 1 19 24 152 176 315 373 467 518 527 587 609 695; 5 1 3 11 8 4 5 4 5 5 7 3 5 4 6 2
246; 5.665768550719379; True; 1 19 24 152 176 315 373 467 518 527 609 695 735; 4 1 4 11 8 5 5 5 5 4 7 3 4 4 6 2
251.1; 5.670338641127442; True; 1 19 24 176 315 373 467 518 527 587 609 610 695 735; 4 1 5 12 7 4 5 5 6 5 8 3 5 4 7 1
253.1; 5.6732974397596365; True; 1 14 19 24 176 315 373 467 518 527 587 609 695 735; 4 1 4 12 8 5 5 5 5 6 8 3 5 4 7 1
253.5; 5.72932680964686; True; 1 19 24 176 249 315 373 467 518 527 587 609 695 735; 4 1 4 11 8 5 5 5 6 6 8 3 5 4 7 1
255.7; 5.731588765186739; True; 1 19 24 176 315 373 466 467 518 527 587 609 695 735; 4 1 4 12 7 5 5 5 5 6 8 3 6 4 7 1
260.5; 5.746011107751926; True; 1 19 24 176 249 315 373 467 518 527 587 656 695 735; 4 1 4 10 7 5 5 5 6 5 8 4 5 4 7 1
262.1; 5.765817515309918; True; 1 19 24 176 315 373 422 467 518 527 587 609 695 735; 5 1 4 12 7 5 5 6 6 5 8 3 5 4 7 1
267; 5.774735882551754; True; 1 19 24 176 293 315 373 467 518 527 587 609 695 735; 4 1 4 11 8 4 5 5 5 5 7 3 5 4 6 2
268.6; 5.779524343324789; True; 1 19 24 108 176 249 315 373 467 518 527 587 695 735; 4 1 4 11 7 6 6 6 5 5 8 4 4 4 7 1
270.1; 5.780101191467912; True; 1 19 24 249 315 373 467 518 527 587 609 656 695 735; 4 1 4 10 7 5 4 5 6 6 8 3 6 5 7 1
271.5; 5.78089310868708; True; 1 19 24 108 152 315 373 422 467 518 527 609 695; 5 1 3 11 7 6 5 6 5 4 7 3 4 5 6 2
272.3; 5.787885350940925; True; 1 19 24 108 176 249 315 373 467 518 527 587 609 695; 4 1 3 11 8 5 6 5 6 6 7 4 5 5 6 1
272.9; 5.789298611159442; True; 1 19 24 29 176 315 373 466 467 518 527 609 695 735; 4 1 4 12 8 5 5 6 6 5 8 3 6 4 7 1
273.1; 5.828724327138792; True; 1 19 24 108 176 315 373 467 518 527 587 609 695 735; 4 1 4 12 7 5 6 6 5 5 7 4 5 5 6 1
276.5; 5.835373452470009; True; 1 19 24 152 176 229 315 373 467 518 527 587 609 695; 5 1 3 12 9 4 6 4 6 5 7 3 5 5 6 2
276.6; 5.867644233903098; True; 1 19 24 152 176 315 373 467 518 527 587 609 610 695; 5 1 4 12 8 4 5 4 6 5 8 3 5 4 7 2
277.3; 5.871222556759706; True; 1 19 24 152 176 315 373 467 518 527 609 610 695 735; 4 1 5 12 8 5 5 5 6 4 8 3 4 4 7 2
278.8; 5.878406887580995; True; 1 19 24 152 176 315 373 466 467 518 527 609 610 695; 4 1 4 12 8 5 5 4 6 5 8 3 5 4 7 2
280; 5.883093358575691; True; 1 19 24 152 176 315 373 422 467 518 527 609 610 695; 5 1 4 12 8 5 5 5 7 4 8 3 4 4 7 2
280.9; 5.927832132866582; True; 1 19 24 152 176 249 315 373 467 518 527 609 695 735; 4 1 4 11 9 6 5 5 6 5 8 3 4 4 7 2
281.7; 5.957032316346938; True; 1 19 24 152 176 315 373 467 518 527 587 609 695 735; 5 1 4 12 8 5 5 5 5 5 8 3 5 4 7 2
292.2; 5.957703041548831; True; 1 19 24 108 152 176 315 373 467 518 527 609 610 695; 4 1 4 12 8 5 6 5 6 4 7 4 4 5 6 2
293; 5.9662825621674624; True; 1 19 24 152 176 315 373 422 467 518 527 609 685 695; 5 1 4 12 9 5 5 5 6 4 7 4 5 4 6 2
293.5; 5.968576335175499; True; 1 19 24 152 176 315 373 467 527 587 609 656 695 735; 5 1 4 11 8 4 5 5 6 4 7 4 5 5 6 2
293.9; 5.993788813818705; True; 1 19 24 29 152 176 315 373 467 518 527 609 695 735; 5 1 4 12 9 5 5 6 6 4 8 3 5 4 7 2
297; 5.9957229219954655; True; 1 19 24 119 152 315 373 467 518 527 587 609 695 735; 5 1 4 12 7 6 5 5 5 5 8 3 5 4 7 2
297.6; 6.015778756389041; True; 1 19 24 108 152 176 315 373 467 518 527 587 609 695; 5 1 3 12 8 5 6 5 5 5 7 4 5 5 6 2
298.6; 6.018700498666243; True; 1 19 24 108 152 176 315 373 467 527 587 609 695 735; 5 1 4 12 8 5 6 6 5 4 7 4 4 5 6 2
300.3; 6.021189299069938; True; 1 19 24 108 152 315 373 467 518 527 587 609 610 695; 5 1 4 12 7 5 5 5 5 5 8 3 5 5 7 2
301.2; 6.027757204690554; True; 1 19 24 108 152 176 373 467 518 527 587 609 695 735; 4 1 4 13 7 6 5 6 4 5 8 4 5 4 7 2
302.3; 6.0358298252528275; True; 1 19 24 176 249 293 315 373 467 518 527 587 609 695 735; 4 1 4 11 9 5 5 5 6 6 8 3 5 4 7 2
304.6; 6.041392685158225; True; 1 19 24 176 293 315 373 466 467 518 527 587 609 695 735; 4 1 4 12 8 5 5 5 5 6 8 3 6 4 7 2
305.4; 6.059184617631372; True; 1 19 24 108 152 315 373 467 518 527 587 609 695 735; 5 1 4 12 7 6 5 6 4 5 8 3 5 5 7 2
308.6; 6.076276255404217; True; 1 19 24 108 176 249 315 373 467 518 527 587 609 695 735; 4 1 4 12 8 6 6 6 6 6 8 4 5 5 7 1
310.9; 6.078819183098849; True; 1 19 24 108 176 315 373 466 467 518 527 587 609 695 735; 4 1 4 13 7 6 6 6 5 6 8 4 6 5 7 1
313.2; 6.094121595840562; True; 1 19 24 152 176 229 373 467 518 527 587 609 610 695 735; 4 1 5 14 8 5 5 5 6 5 9 3 5 4 8 2
313.9; 6.107209969647869; True; 1 19 24 152 176 315 373 467 518 527 587 609 695 735 774; 6 1 4 13 8 5 5 6 5 5 9 3 5 4 8 2
314; 6.107888025182799; True; 1 19 24 152 176 249 315 373 467 518 527 609 610 695 735; 4 1 5 12 9 6 5 5 7 5 9 3 4 4 8 2
314.1; 6.128722284338426; True; 1 19 24 149 152 176 315 373 467 518 527 587 609 695 735; 5 1 4 13 9 5 6 5 5 5 8 3 5 5 8 2
314.9; 6.148910993109357; True; 1 19 24 152 176 315 373 467 518 527 587 609 610 695 735; 5 1 5 13 8 5 5 5 6 5 9 3 5 4 8 2
315.7; 6.158060793936604; True; 1 19 24 152 176 229 315 373 467 518 527 587 609 695 735; 5 1 4 13 9 5 6 5 6 5 8 3 5 5 7 2
318.2; 6.18780263871842; True; 1 19 24 152 176 249 315 373 467 518 527 587 609 695 735; 5 1 4 12 9 6 5 5 6 6 9 3 5 4 8 2
320.5; 6.193402903062417; True; 1 19 24 152 176 315 373 466 467 518 527 587 609 695 735; 5 1 4 13 8 6 5 5 5 6 9 3 6 4 8 2
325.8; 6.211654400553183; True; 1 19 24 152 176 315 373 422 467 518 527 587 609 695 735; 6 1 4 13 8 6 5 6 6 5 9 3 5 4 8 2
328.4; 6.223236273102998; True; 1 19 24 119 152 176 315 373 467 518 527 587 609 695 735; 5 1 4 13 8 6 6 5 6 5 8 4 5 4 7 2
330.9; 6.230193378869046; True; 1 19 24 152 176 315 373 467 518 527 587 609 695 735 833; 6 1 4 13 9 5 5 5 6 5 8 4 5 5 7 2
331.7; 6.253095585849032; True; 1 19 24 152 176 315 373 467 518 527 587 609 656 695 735; 5 1 4 12 8 5 5 5 6 5 8 4 6 5 7 2
337.1; 6.260071387985075; True; 1 19 24 108 152 176 249 315 373 467 518 527 587 609 695; 5 1 3 12 9 6 6 5 6 6 8 4 5 5 7 2
337.1; 6.263636068588108; True; 1 19 24 108 152 176 249 315 373 467 518 527 609 695 735; 4 1 4 12 9 7 6 6 6 5 8 4 4 5 7 2
337.9; 6.304059466217598; True; 1 19 24 108 152 176 315 373 467 518 527 587 609 695 735; 5 1 4 13 8 6 6 6 5 5 8 4 5 5 7 2
349.8; 6.338257230246256; True; 1 19 24 152 176 229 315 373 467 518 527 587 609 610 695 735; 5 1 5 14 9 5 6 5 7 5 9 3 5 5 8 2
353.3; 6.357934847000454; True; 1 19 24 152 176 249 315 373 467 518 527 587 609 610 695 735; 5 1 5 13 9 6 5 5 7 6 10 3 5 4 9 2
354.1; 6.375114684692225; True; 1 19 24 152 176 229 249 315 373 467 518 527 587 609 695 735; 5 1 4 13 10 6 6 5 7 6 9 3 5 5 8 2
355.6; 6.375114684692225; True; 1 19 24 152 176 315 373 466 467 518 527 587 609 610 695 735; 5 1 5 14 8 6 5 5 6 6 10 3 6 4 9 2
356.4; 6.394451680826217; True; 1 19 24 152 176 229 315 373 466 467 518 527 587 609 695 735; 5 1 4 14 9 6 6 5 6 6 9 3 6 5 8 2
361.8; 6.401228167498113; True; 1 19 24 152 176 229 315 373 422 467 518 527 587 609 695 735; 6 1 4 14 9 6 6 6 7 5 9 3 5 5 8 2
363; 6.411788004543869; True; 1 19 24 152 176 249 315 373 467 518 527 587 609 695 735 863; 5 1 5 12 9 6 5 6 6 6 9 3 5 5 8 2
365.1; 6.417305583244525; True; 1 19 24 152 176 315 373 466 467 518 527 587 609 695 735 863; 5 1 5 13 8 6 5 6 5 6 9 3 6 5 8 2
365.8; 6.422917980767663; True; 1 19 24 152 176 249 315 373 466 467 518 527 587 656 695 735; 5 1 4 12 8 7 5 5 6 6 10 4 6 4 9 2
367.8; 6.433129517580486; True; 1 19 24 152 176 315 373 467 518 527 587 609 610 656 695 735; 5 1 5 13 8 5 5 5 7 5 9 4 6 5 8 2
369.4; 6.4449811120879446; True; 1 19 24 152 176 249 315 373 467 518 527 587 609 685 695 735; 5 1 5 13 10 6 5 5 6 6 9 4 6 4 8 2
370.2; 6.447002898466163; True; 1 19 24 152 176 249 315 373 467 518 527 587 609 695 735 833; 6 1 4 13 10 6 5 5 7 6 9 4 5 5 8 2
371.1; 6.472024697700281; True; 1 19 24 152 176 249 315 373 467 518 527 587 609 656 695 735; 5 1 4 12 9 6 5 5 7 6 9 4 6 5 8 2
372.4; 6.477265995424853; True; 1 19 24 152 176 315 373 466 467 518 527 587 609 656 695 735; 5 1 4 13 8 6 5 5 6 6 9 4 7 5 8 2
374; 6.495960394881704; True; 1 19 24 108 152 176 315 373 467 518 527 587 609 610 695 735; 5 1 5 14 8 6 6 6 6 5 9 4 5 5 8 2
378.3; 6.52361641905437; True; 1 19 24 108 152 176 249 315 373 467 518 527 587 609 695 735; 5 1 4 13 9 7 6 6 6 6 9 4 5 5 8 2
380.6; 6.529173603261723; True; 1 19 24 108 152 176 315 373 466 467 518 527 587 609 695 735; 5 1 4 14 8 7 6 6 5 6 9 4 6 5 8 2
386.9; 6.535547279176669; True; 1 19 24 108 152 176 315 373 422 467 518 527 587 609 695 735; 6 1 4 14 8 7 6 7 6 5 9 4 5 5 8 2
391; 6.536053155159205; True; 1 19 24 108 152 176 315 373 467 518 527 587 609 685 695 735; 5 1 5 14 9 6 6 6 5 5 8 5 6 5 7 2
392.5; 6.564547711755948; True; 1 19 24 152 176 229 315 373 466 467 518 527 587 609 610 695 735; 5 1 5 15 9 6 6 5 7 6 10 3 6 5 9 2
398.8; 6.578065883836091; True; 1 19 24 108 152 249 315 373 467 518 527 587 609 656 695 735; 5 1 4 12 8 7 5 6 6 6 9 4 6 6 8 2
401.7; 6.5817221599490985; True; 1 19 24 152 176 229 249 315 373 467 518 527 587 609 695 735 863; 5 1 5 13 10 6 6 6 7 6 9 3 5 6 8 2
403.9; 6.601190532615334; True; 1 19 24 152 176 229 315 373 466 467 518 527 587 609 695 735 863; 5 1 5 14 9 6 6 6 6 6 9 3 6 6 8 2
407.3; 6.6145808669974855; True; 1 19 24 152 176 249 315 373 466 467 518 527 587 609 695 735 863; 5 1 5 13 9 7 5 6 6 7 10 3 6 5 9 2
409.7; 6.636487896353366; True; 1 19 24 152 176 315 373 466 467 518 527 587 609 610 695 735 833; 6 1 5 15 9 6 5 5 7 6 10 4 6 5 9 2
411.4; 6.649334858712141; True; 1 19 24 152 176 229 315 373 466 467 518 527 587 609 656 695 735; 5 1 4 14 9 6 6 5 7 6 9 4 7 6 8 2
411.9; 6.656098202012831; True; 1 19 24 108 152 176 229 315 373 467 518 527 587 609 610 695 735; 5 1 5 15 9 6 7 6 7 5 9 4 5 6 8 2
413.7; 6.662757831681574; True; 1 19 24 152 176 249 315 373 466 467 518 527 587 609 656 695 735; 5 1 4 13 9 7 5 5 7 7 10 4 7 5 9 2
416.4; 6.693639026161549; True; 1 19 24 108 152 176 249 315 373 467 518 527 587 609 610 695 735; 5 1 5 14 9 7 6 6 7 6 10 4 5 5 9 2
418.7; 6.710963118995275; True; 1 19 24 108 152 176 315 373 466 467 518 527 587 609 610 695 735; 5 1 5 15 8 7 6 6 6 6 10 4 6 5 9 2
422.9; 6.718418641829656; True; 1 19 24 108 152 176 249 315 373 466 467 518 527 587 609 695 735; 5 1 4 14 9 8 6 6 6 7 10 4 6 5 9 2
428.2; 6.723865964443505; True; 1 19 24 108 152 176 315 373 466 467 518 527 587 609 695 735 863; 5 1 5 14 8 7 6 7 5 6 9 4 6 6 8 2
430.3; 6.725258066359961; True; 1 19 24 108 152 176 249 315 373 422 467 518 527 587 609 695 735; 6 1 4 14 9 8 6 7 7 6 10 4 5 5 9 2
431.9; 6.73559889969818; True; 1 19 24 108 152 176 315 373 467 518 527 587 609 610 656 695 735; 5 1 5 14 8 6 6 6 7 5 9 5 6 6 8 2
433.5; 6.742568034366142; True; 1 19 24 108 152 176 315 373 422 466 467 518 527 587 609 695 735; 6 1 4 15 8 8 6 7 6 6 10 4 6 5 9 2
434.4; 6.753429841575423; True; 1 19 24 108 152 176 249 315 373 467 518 527 587 609 685 695 735; 5 1 5 14 10 7 6 6 6 6 9 5 6 5 8 2
436.2; 6.763278211018978; True; 1 19 24 108 152 176 249 315 373 467 518 527 587 609 656 695 735; 5 1 4 13 9 7 6 6 7 6 9 5 6 6 8 2
437.5; 6.768416088216332; True; 1 19 24 108 152 176 315 373 466 467 518 527 587 609 656 695 735; 5 1 4 14 8 7 6 6 6 6 9 5 7 6 8 2
439; 6.768638101247614; True; 1 19 24 29 108 152 176 249 315 373 467 518 527 587 609 695 735; 6 1 4 14 10 7 6 7 7 6 10 4 6 5 9 2
446.7; 6.775173385424786; True; 1 19 24 108 152 176 315 373 422 467 518 527 587 609 656 695 735; 6 1 4 14 8 7 6 7 7 5 9 5 6 6 8 2
453.5; 6.778295991088834; True; 1 19 24 108 119 152 249 315 373 467 518 527 587 609 685 695 735; 5 1 5 14 9 8 6 6 6 6 9 5 6 5 8 2
453.8; 6.779596491257825; True; 1 19 24 108 152 249 315 373 422 467 518 527 587 609 656 695 735; 6 1 4 13 8 8 5 7 7 6 10 4 6 6 9 2
454.1; 6.784545974054522; True; 1 19 24 152 176 249 315 373 466 467 518 527 553 587 609 695 735 863; 5 1 5 14 10 7 6 6 7 7 10 3 6 6 9 2
455.1; 6.784902449886655; True; 1 19 24 108 152 249 315 373 467 518 527 587 609 685 695 735 833; 6 1 5 14 10 7 5 6 6 6 9 5 6 6 8 2
455.8; 6.7915503050273305; True; 1 19 24 108 152 176 315 373 467 518 527 587 609 656 695 735 849; 6 1 4 14 9 7 6 6 6 6 8 5 7 6 8 2
455.9; 6.803183888535342; True; 1 19 24 108 152 176 249 315 373 466 467 518 527 587 609 610 695 774; 6 1 4 15 9 7 6 6 7 7 11 4 6 5 10 2
456.9; 6.810770011234364; True; 1 19 24 152 176 229 315 373 422 466 467 518 527 587 609 695 735 863; 6 1 5 15 9 7 6 7 7 6 10 3 6 6 9 2
458.5; 6.871047261305499; True; 1 19 24 108 152 176 229 315 373 466 467 518 527 587 609 610 695 735; 5 1 5 16 9 7 7 6 7 6 10 4 6 6 9 2
462.9; 6.88075644451021; True; 1 19 24 108 152 176 249 315 373 466 467 518 527 587 609 610 695 735; 5 1 5 15 9 8 6 6 7 7 11 4 6 5 10 2
469.1; 6.887954703808802; True; 1 19 24 108 152 176 315 373 466 467 518 527 587 609 610 695 735 863; 5 1 6 15 8 7 6 7 6 6 10 4 6 6 9 2
473.6; 6.904877766963404; True; 1 19 24 108 152 176 315 373 422 466 467 518 527 587 609 610 695 735; 6 1 5 16 8 8 6 7 7 6 11 4 6 5 10 2
474.3; 6.913071740309251; True; 1 19 24 108 152 176 249 315 373 466 467 518 527 587 609 695 735 863; 5 1 5 14 9 8 6 7 6 7 10 4 6 6 9 2
477.6; 6.927678264137992; True; 1 19 24 108 152 176 315 373 466 467 518 527 587 609 610 695 735 833; 6 1 5 16 9 7 6 6 7 6 10 5 6 6 9 2
478.6; 6.938469688367645; True; 1 19 24 108 152 176 315 373 466 467 518 527 587 609 610 656 695 735; 5 1 5 15 8 7 6 6 7 6 10 5 7 6 9 2
482.7; 6.945911516819274; True; 1 19 24 108 152 176 249 315 373 466 467 518 527 587 609 656 695 735; 5 1 4 14 9 8 6 6 7 7 10 5 7 6 9 2
487.7; 6.946157394922372; True; 1 19 24 108 152 176 249 315 373 467 518 527 587 609 656 695 735 863; 5 1 5 13 9 7 6 7 7 6 9 5 6 7 8 2
488.9; 6.951288937277672; True; 1 19 24 108 152 176 315 373 466 467 518 527 587 609 656 695 735 863; 5 1 5 14 8 7 6 7 6 6 9 5 7 7 8 2
489.4; 6.955062069675032; True; 1 19 24 108 152 176 249 315 373 422 467 518 527 587 609 685 695 735; 6 1 5 15 10 8 6 7 7 6 10 5 6 5 9 2
492.6; 6.9623693356700205; True; 1 19 24 108 152 176 315 373 422 466 467 518 527 587 609 685 695 735; 6 1 5 16 9 8 6 7 6 6 10 5 7 5 9 2
498.7; 6.963882228928778; True; 1 19 24 108 152 176 249 315 373 466 467 527 587 609 656 685 695 735; 5 1 5 14 10 7 6 6 7 6 9 6 7 6 8 2
503; 6.971275848738106; True; 1 19 24 108 152 176 249 315 373 467 518 527 587 609 656 695 735 849; 6 1 4 14 10 8 6 6 7 7 9 5 7 6 9 2
504.5; 6.971646882064306; True; 1 19 24 108 152 249 315 373 466 467 518 527 587 609 656 685 695 735; 5 1 5 14 9 8 5 6 6 7 10 5 8 6 9 2
507.4; 6.974419573852286; True; 1 19 24 108 152 176 315 373 467 518 527 587 609 656 695 735 849 863; 6 1 5 14 9 7 6 7 6 6 8 5 7 7 8 2
507.9; 6.977311973396926; True; 1 19 24 108 152 176 315 373 422 467 518 527 587 609 685 695 735 849; 7 1 5 16 10 8 6 7 6 6 9 5 7 5 9 2
508.8; 6.99528410768926; True; 1 19 24 108 152 176 229 315 373 466 467 518 527 587 609 610 695 751 863; 6 1 5 16 10 7 7 6 8 6 10 4 6 7 9 2
510.9; 7.003029470553617; True; 1 19 24 108 152 176 229 315 373 466 467 518 527 587 609 695 735 774 863; 6 1 5 16 9 7 7 8 6 6 10 4 6 7 9 2
511.9; 7.036229544086295; True; 1 19 24 108 152 176 229 315 373 466 467 518 527 587 609 610 695 735 863; 5 1 6 16 9 7 7 7 7 6 10 4 6 7 9 2
516.9; 7.037824750588342; True; 1 19 24 108 152 176 315 373 466 467 518 527 587 609 610 695 735 751 863; 6 1 6 16 9 8 6 7 7 6 11 4 6 6 10 2
517.2; 7.057666103909829; True; 1 19 24 108 152 176 249 315 373 466 467 518 527 587 609 610 695 735 863; 5 1 6 15 9 8 6 7 7 7 11 4 6 6 10 2
525.1; 7.059184617631372; True; 1 19 24 108 152 176 249 315 373 466 467 518 527 553 587 609 695 735 863; 5 1 5 15 10 8 7 7 7 7 10 4 6 7 9 2
526.6; 7.083502619830268; True; 1 19 24 108 152 176 229 249 315 373 466 467 518 527 587 609 656 695 735; 5 1 4 15 10 8 7 6 8 7 10 5 7 7 9 2
533; 7.083860800866573; True; 1 19 24 108 152 176 229 315 373 466 467 518 527 587 609 685 695 735 863; 5 1 6 16 10 7 7 7 6 6 9 5 7 7 8 2
533.7; 7.090963076595731; True; 1 19 24 108 152 176 229 315 373 466 467 518 527 587 609 656 695 735 863; 5 1 5 15 9 7 7 7 7 6 9 5 7 8 8 2
535; 7.091315159697222; True; 1 19 24 108 152 176 249 315 373 422 466 467 527 587 609 610 685 695 735; 6 1 6 16 10 8 6 7 8 6 11 5 6 5 10 2
537.4; 7.11293997608408; True; 1 19 24 108 152 176 249 315 373 466 467 518 527 587 609 685 695 735 863; 5 1 6 15 10 8 6 7 6 7 10 5 7 6 9 2
537.9; 7.128722284338426; True; 1 19 24 108 152 176 249 315 373 466 467 518 527 587 609 656 695 735 863; 5 1 5 14 9 8 6 7 7 7 10 5 7 7 9 2
545.8; 7.132259689531045; True; 1 19 24 108 152 176 249 315 373 466 467 518 527 587 609 685 695 735 833; 6 1 5 16 11 8 6 6 7 7 10 6 7 6 9 2
546.8; 7.137670537236755; True; 1 19 24 108 152 176 249 315 373 466 467 518 527 587 609 656 685 695 735; 5 1 5 15 10 8 6 6 7 7 10 6 8 6 9 2
552.1; 7.137670537236755; True; 1 19 24 29 108 152 176 249 315 373 466 467 518 527 587 609 695 735 833; 7 1 4 16 11 8 6 7 8 7 11 5 7 6 10 2
558.2; 7.141136090120739; True; 1 19 24 108 152 176 249 315 373 422 467 518 527 587 609 685 695 735 849; 7 1 5 16 11 9 6 7 7 7 10 5 7 5 10 2
560.6; 7.1525940779274695; True; 1 19 24 108 152 176 315 373 466 467 518 527 587 609 656 695 735 849 863; 6 1 5 15 9 8 6 7 6 7 9 5 8 7 9 2
561.6; 7.154119525515847; True; 1 19 24 108 152 176 249 315 373 466 467 527 587 609 656 695 735 849 863; 6 1 5 14 10 8 6 7 7 7 9 5 7 7 9 2
566.3; 7.15956719323362; True; 1 19 24 108 152 249 315 373 422 466 467 518 527 587 609 656 685 695 735; 6 1 5 15 9 9 5 7 7 7 11 5 8 6 10 2
567.3; 7.161368002234974; True; 1 19 24 108 152 176 315 373 422 467 518 527 587 609 656 695 735 849 863; 7 1 5 15 9 8 6 8 7 6 9 5 7 7 9 2
570.4; 7.161667412437735; True; 1 19 24 108 152 176 249 315 373 466 467 527 587 609 656 685 695 735 849; 6 1 5 15 11 8 6 6 7 7 9 6 8 6 9 2
573.1; 7.173186268412275; True; 1 19 24 108 152 176 249 315 373 466 467 518 527 587 609 610 695 733 735 863; 5 1 6 16 9 8 6 7 7 7 11 5 6 7 10 2
576.7; 7.174641192660449; True; 1 19 24 108 152 176 249 315 373 466 467 518 527 587 609 610 656 660 695 863; 5 1 5 15 9 7 6 6 8 7 10 6 7 8 9 2
577.7; 7.178976947293169; True; 1 19 24 108 152 176 315 373 422 467 518 527 587 609 656 685 695 735 849; 7 1 5 16 10 8 6 7 7 6 9 6 8 6 9 2
578.1; 7.1801258751640535; True; 1 19 24 108 176 293 315 373 422 466 467 518 527 587 609 610 695 735 849 863; 6 1 6 16 9 8 6 8 7 7 10 4 7 6 10 2
582; 7.19534605834842; True; 1 19 24 108 152 176 315 373 466 467 518 527 587 600 609 610 695 735 833 863; 6 1 6 17 9 7 7 7 8 6 11 5 6 7 9 2
582.4; 7.217220655644519; True; 1 19 24 108 152 176 293 315 373 466 467 518 527 587 609 610 695 735 751 863; 6 1 6 16 10 8 6 7 7 6 11 4 6 6 10 3
582.9; 7.252124552505645; True; 1 19 24 108 152 176 249 315 373 466 467 518 527 587 609 610 695 735 833 863; 6 1 6 16 10 8 6 7 8 7 11 5 6 7 10 2
589.4; 7.256717745977488; True; 1 19 24 108 152 176 229 249 315 373 422 466 467 518 527 587 609 656 695 735; 6 1 4 16 10 9 7 7 9 7 11 5 7 7 10 2
592.9; 7.259115844185066; True; 1 19 24 108 152 176 315 373 422 466 467 518 527 587 609 610 695 735 833 863; 7 1 6 17 9 8 6 8 8 6 11 5 6 7 10 2
596.4; 7.27554168840131; True; 1 19 24 108 152 176 229 315 373 422 466 467 518 527 587 609 656 695 735 863; 6 1 5 16 9 8 7 8 8 6 10 5 7 8 9 2
605; 7.297322714205302; True; 1 19 24 108 152 176 249 315 373 466 467 518 527 587 609 685 695 735 833 863; 6 1 6 16 11 8 6 7 7 7 10 6 7 7 9 2
610.6; 7.31722734917642; True; 1 19 24 108 152 176 249 315 373 422 466 467 518 527 587 609 656 685 695 735; 6 1 5 16 10 9 6 7 8 7 11 6 8 6 10 2
621.3; 7.317854489331468; True; 1 19 24 108 152 176 249 315 373 422 467 518 527 587 609 656 695 735 849 863; 7 1 5 15 10 9 6 8 8 7 10 5 7 7 10 2
629.6; 7.326745379565322; True; 1 19 24 108 152 176 249 315 373 466 467 527 587 609 656 685 695 735 849 863; 6 1 6 15 11 8 6 7 7 7 9 6 8 7 9 2
631.5; 7.335658452289302; True; 1 19 24 108 152 229 293 315 373 422 466 467 518 527 587 609 656 685 695 735; 6 1 5 16 10 8 6 7 7 6 10 5 8 7 9 3
641.8; 7.340444114840118; True; 1 19 24 108 176 249 293 315 373 422 467 518 527 587 609 610 695 735 833 849 863; 7 1 6 16 11 8 6 8 9 7 10 5 6 7 10 2
645.9; 7.345765693114489; True; 1 19 24 108 152 176 229 315 373 422 466 467 511 518 527 587 609 610 695 735 863; 7 1 6 18 9 9 7 8 8 6 12 4 7 7 11 2
647; 7.359076226059264; True; 1 19 24 108 176 293 315 373 422 466 467 518 527 587 609 610 685 695 735 849 863; 6 1 7 17 10 8 6 8 7 7 10 5 8 6 10 2
652.9; 7.4214393902200495; True; 1 19 24 108 152 176 249 315 373 466 467 518 527 587 609 610 685 695 735 833 863; 6 1 7 17 11 8 6 7 8 7 11 6 7 7 10 2
661.2; 7.4214393902200495; True; 1 19 24 108 152 176 249 293 315 373 466 467 518 527 587 609 610 695 735 849 863; 6 1 6 16 11 9 6 7 7 8 11 4 7 6 11 3
668.4; 7.432327792261605; True; 1 19 24 108 152 176 249 315 373 466 467 518 527 587 609 610 685 695 735 833 849; 7 1 6 18 12 9 6 6 8 8 11 6 8 6 11 2
668.6; 7.441852175773292; True; 1 19 24 108 152 176 293 315 373 466 467 518 527 587 609 610 685 695 735 833 863; 6 1 7 17 11 7 6 7 7 6 10 6 7 7 9 3
672; 7.446070935701005; True; 1 19 24 108 152 176 249 293 315 373 467 518 527 587 609 610 695 735 833 849 863; 7 1 6 16 12 8 6 7 8 7 10 5 6 7 10 3
675.3; 7.464340484627668; True; 1 19 24 108 152 176 293 315 373 466 467 518 527 587 609 610 695 735 833 849 863; 7 1 6 17 11 8 6 7 7 7 10 5 7 7 10 3
682.4; 7.4692327425066125; True; 1 19 24 108 119 152 176 249 315 373 422 467 518 527 587 609 685 695 735 849 863; 7 1 6 17 11 10 7 8 8 7 10 6 7 6 10 2
688; 7.473632926873842; True; 1 19 24 108 152 176 249 315 373 422 466 467 518 527 587 609 685 695 735 750 863; 6 1 6 17 10 9 6 8 8 7 11 6 8 7 10 2
696.8; 7.476106716840192; True; 1 19 24 108 152 176 315 373 422 466 467 518 527 587 609 656 695 735 833 849 863; 8 1 5 17 10 9 6 8 8 7 10 6 8 8 10 2
698.1; 7.492620722043192; True; 1 19 24 108 152 176 249 315 373 422 439 467 518 527 587 609 656 695 735 849 863; 7 1 6 15 10 9 7 8 8 7 10 6 7 7 10 2
718.1; 7.498448403173999; True; 1 19 24 29 108 152 249 293 315 373 466 467 518 527 587 609 685 695 735 833 849; 8 1 5 17 13 9 5 7 7 8 11 5 9 6 11 3
719.2; 7.541329577666694; True; 1 19 24 108 152 176 293 315 373 466 467 474 518 527 587 609 610 685 695 735 833 863; 7 1 7 17 11 8 6 8 7 6 10 6 7 7 9 3
741.4; 7.592287815952131; True; 1 19 24 108 152 176 246 293 315 373 466 467 518 527 587 609 656 695 735 751 849 863; 7 1 5 16 12 9 7 7 8 7 10 5 8 8 10 3
744.5; 7.6076694366882425; True; 1 19 24 108 152 229 293 315 373 422 466 467 518 527 587 609 610 656 685 695 735 863; 6 1 7 17 10 8 6 8 8 6 11 5 8 8 10 3
756.3; 7.608419051317286; True; 1 19 24 108 119 152 176 293 315 373 422 439 466 467 527 587 609 610 695 735 849 863; 7 1 7 17 10 9 8 8 8 6 10 6 6 6 10 3
758.9; 7.61320735210376; True; 1 19 24 108 152 176 293 315 373 422 439 467 518 527 587 609 610 685 695 735 849 863; 7 1 8 17 11 8 7 8 7 6 10 6 7 6 10 3
776.1; 7.620136054973758; True; 1 19 24 108 145 152 176 315 373 466 467 518 527 587 609 610 685 695 735 750 849 863; 6 1 7 19 11 9 7 7 8 8 10 6 9 7 10 2
780.2; 7.636588183729842; True; 1 19 24 108 152 162 229 293 315 373 422 466 467 527 587 609 656 685 695 735 849 863; 8 1 6 17 12 9 6 8 7 7 10 5 8 8 10 3
786.6; 7.639785212986821; True; 1 19 24 108 152 176 249 293 315 373 422 466 467 518 527 587 656 695 735 750 849 863; 7 1 5 16 10 10 6 8 8 7 11 6 8 7 11 3
787.7; 7.6441430505099195; True; 1 19 24 108 152 176 293 315 373 466 467 518 527 587 609 610 695 735 833 839 849 863; 7 1 7 17 11 8 6 8 7 7 11 6 7 7 11 3
805.8; 7.665580991017952; True; 1 19 24 108 152 162 176 293 315 373 466 467 483 518 527 587 609 685 695 735 849 863; 7 1 6 18 13 10 7 7 6 9 10 6 8 6 10 3
813.1; 7.679609571779755; True; 1 19 24 108 152 176 293 315 373 422 466 467 483 527 609 610 656 685 695 735 849 863; 6 1 7 17 12 9 7 8 9 6 9 7 7 7 9 3
817.8; 7.683407299132094; True; 1 19 24 108 152 176 249 315 373 422 466 467 518 527 587 609 641 656 695 735 849 850 863; 7 1 6 18 10 10 7 8 8 8 11 6 8 8 12 2
836.1; 7.692582562274909; True; 1 19 24 108 152 176 249 293 301 315 373 422 466 467 518 527 587 609 656 695 735 849 863; 7 1 5 16 11 10 6 8 8 8 11 6 8 7 11 3
840.1; 7.70543604658525; True; 1 19 24 29 108 152 176 229 315 373 466 467 495 518 527 587 609 610 695 735 839 849 863; 7 1 7 18 11 8 8 9 8 7 12 6 8 7 12 2
846.4; 7.71189154988058; True; 1 19 24 108 152 249 315 373 422 467 518 527 587 609 610 681 685 695 735 750 833 849 863; 8 1 7 19 12 9 6 9 9 7 12 6 8 8 11 2
852.3; 7.734959761272446; True; 1 19 24 108 152 162 176 293 315 373 422 466 467 518 527 587 609 610 695 735 839 849 863; 8 1 7 18 11 10 6 9 7 8 13 5 7 6 13 3
863.2; 7.738066714777469; True; 1 19 24 108 152 162 176 249 293 315 373 422 466 467 518 527 587 609 695 735 839 849 863; 8 1 6 17 12 11 6 9 7 9 13 5 7 6 13 3
875.7; 7.752969865029085; True; 1 19 96 108 152 176 293 315 373 466 467 518 527 587 609 610 685 695 735 785 833 849 863; 7 1 7 19 12 8 7 7 7 7 9 8 8 8 9 3
877; 7.760949951410897; True; 1 19 24 108 150 152 249 293 315 373 467 483 518 527 587 609 610 685 695 735 833 849 863; 7 1 7 18 13 10 6 8 8 8 10 6 7 7 11 3
879.7; 7.766858811021418; True; 1 19 24 108 152 162 176 293 373 422 439 466 467 483 518 527 587 609 610 695 735 849 863; 7 1 7 19 11 11 7 8 7 9 12 6 7 5 12 3
893.3; 7.774808830310706; True; 1 19 24 29 108 152 176 293 315 373 422 467 518 527 587 609 656 695 735 804 849 850 863; 8 1 5 18 11 8 8 9 8 6 10 7 8 9 10 3
894.1; 7.792391689498254; True; 1 19 24 108 152 176 293 315 373 422 466 518 527 587 609 610 656 695 735 839 849 850 863; 6 1 6 17 10 9 7 8 8 7 11 7 8 8 11 3
898.7; 7.83129374437701; True; 1 19 24 108 152 249 293 315 373 466 467 483 518 527 587 609 610 695 735 750 833 849 863; 7 1 6 18 12 10 6 7 9 9 11 6 8 8 11 3
914.7; 7.8347385189038405; True; 1 19 24 108 152 176 229 315 373 422 466 467 518 527 553 587 609 656 695 735 751 839 849 863; 8 1 6 19 12 10 8 9 10 7 12 6 8 9 12 2
921.4; 7.840921200198771; True; 1 19 108 119 152 249 293 315 373 422 466 467 518 527 587 609 685 695 735 750 839 849 863; 7 1 6 17 10 10 6 8 8 8 11 7 9 7 11 3
938.7; 7.876102321377793; True; 1 19 24 108 152 162 176 229 293 315 373 466 467 518 527 587 609 656 695 735 750 849 850 863; 7 1 5 19 12 9 8 7 8 8 10 7 9 10 10 3
939.8; 7.89614025144202; True; 1 19 24 108 119 152 249 254 293 315 373 467 518 527 587 609 610 656 695 735 785 833 849 863; 7 1 7 18 11 9 6 9 9 8 11 7 7 8 11 3
957.1; 7.91902576458736; True; 1 19 24 108 152 249 293 315 373 422 466 467 518 527 568 587 609 610 656 685 695 849 850 863; 7 1 7 17 11 9 6 8 8 8 11 7 9 8 11 3
1029; 7.971924949184192; True; 1 19 24 108 152 176 249 293 315 373 422 466 483 518 527 587 609 695 735 750 833 839 849 863; 7 1 5 18 13 11 7 8 10 9 11 8 8 8 11 3
1043; 7.9972989924095135; True; 1 19 24 108 149 152 254 293 315 373 422 466 518 527 587 609 610 685 695 735 750 785 833 849 863; 7 1 7 21 12 9 6 9 8 8 11 7 9 9 12 3
1077; 8.015778756389041; True; 1 19 24 108 152 176 249 293 315 373 422 466 467 518 527 568 609 656 685 695 735 758 849 850 863; 6 1 7 18 13 10 8 9 9 7 10 9 8 8 10 3
1119; 8.021189299069938; True; 1 19 24 26 108 152 176 246 249 293 315 373 422 466 467 483 527 587 656 695 739 750 839 849 863; 7 1 6 16 12 9 8 9 10 7 10 9 8 9 10 3
1119; 8.02571538390134; True; 1 19 24 108 119 149 152 249 293 315 373 422 466 518 527 587 609 610 656 695 735 743 750 833 849 863; 8 1 5 20 12 12 7 7 11 8 12 7 9 10 12 3
1122; 8.042181594515768; True; 1 19 24 108 152 176 249 293 315 373 422 466 467 518 527 546 587 609 656 685 695 735 758 849 850 863; 7 1 6 20 13 10 8 8 9 8 11 8 9 8 11 3
1161; 8.069668096911595; True; 1 19 24 119 152 229 249 293 373 422 439 466 467 518 527 587 609 681 685 695 735 785 839 849 850 863; 6 1 9 20 12 10 8 10 7 8 13 8 8 6 12 3
1165; 8.069668096911595; True; 1 19 24 108 149 152 249 293 315 373 422 466 518 527 587 609 610 656 695 735 743 750 833 839 849 863; 8 1 6 19 12 11 6 8 10 8 13 7 9 10 13 3
1196; 8.069668096911595; True; 1 19 24 26 108 152 176 246 293 315 373 422 466 467 483 525 527 587 609 685 695 735 750 839 849 863; 7 1 7 20 14 9 8 9 9 7 10 8 9 9 10 3
1207; 8.072249897613514; True; 1 19 24 108 145 152 229 249 293 315 329 373 380 422 467 518 527 531 609 656 695 711 735 839 849 863; 7 1 6 18 15 11 9 10 11 7 11 6 8 9 11 3
1218; 8.082066934285113; True; 1 19 41 108 119 152 249 293 315 373 422 467 483 527 587 609 656 695 735 750 757 785 839 849 850; 8 1 6 19 10 9 8 9 11 8 9 10 8 8 10 3
1228; 8.09725730969342; True; 1 19 24 108 152 176 249 258 293 315 373 422 466 467 518 527 546 587 609 656 685 695 735 758 849 850 863; 7 1 6 20 13 10 8 8 10 8 11 8 9 9 11 3
1245; 8.117933835039642; True; 1 19 26 29 108 152 176 249 293 315 370 373 464 466 467 483 518 527 587 610 695 735 800 833 839 849 863; 8 1 7 21 12 9 9 9 10 8 12 7 8 7 13 3
1277; 8.164947372621842; True; 1 19 24 108 128 152 249 293 315 373 422 467 518 527 568 587 609 610 656 685 695 739 774 839 849 850 863; 8 1 9 18 11 8 7 11 8 7 12 10 8 8 12 3
1329; 8.179838928023187; True; 1 19 24 108 152 246 249 293 373 422 466 467 518 527 568 587 609 619 656 685 695 739 774 839 849 850 863; 7 1 8 18 11 9 7 11 7 8 12 10 9 8 12 3
1418; 8.227115082589126; True; 1 19 24 119 145 152 165 249 293 315 373 380 467 477 518 527 587 609 652 656 685 695 735 833 839 849 852 863; 8 1 7 19 15 11 8 7 12 9 11 9 10 7 11 3
1548; 8.290702243287853; True; 1 19 29 119 152 246 249 293 315 373 410 422 467 483 495 511 527 587 609 656 695 735 750 751 757 839 849 850 863; 11 1 6 20 14 10 9 9 13 7 12 9 9 9 13 3
2.725e+04; 8.297541667818159; True; 1 19 29 108 119 152 254 293 315 327 373 422 466 467 527 553 587 653 656 685 695 735 785 839 849 863 866; 9 1 8 20 11 9 8 11 8 6 11 9 9 9 11 4
2.832e+04; 8.305136318943639; True; 1 19 24 108 152 229 254 293 373 422 439 467 483 518 527 610 650 656 681 685 695 750 785 833 849 850 863 866; 7 1 9 22 14 10 9 10 9 6 11 11 7 9 10 4
2.834e+04; 8.307282047033347; True; 1 19 24 29 108 152 176 225 249 315 373 422 483 518 527 587 609 685 695 728 735 750 818 824 849 850 863 866; 9 1 6 20 16 11 9 8 11 10 10 9 10 8 11 3
2.835e+04; 8.30984300471607; True; 1 19 41 108 119 152 249 254 315 327 373 422 467 483 518 527 610 653 656 681 695 735 750 783 839 849 863 866; 7 1 7 21 11 12 9 10 11 8 13 9 8 9 11 3
2.836e+04; 8.311753861055754; True; 1 19 29 108 119 152 254 293 302 315 327 373 422 466 467 527 553 587 653 656 685 695 735 785 839 849 863 866; 10 1 8 21 12 9 8 11 8 6 11 9 9 9 11 4
2.838e+04; 8.384711742938283; True; 1 19 29 108 119 152 254 293 315 327 373 422 466 467 527 553 587 653 656 685 695 735 757 785 839 849 863 866; 10 1 9 21 11 9 8 12 8 6 11 9 9 9 12 4
2.944e+04; 8.391288048595298; True; 1 19 24 108 145 152 176 249 312 315 373 414 422 466 483 518 527 609 652 695 735 739 750 751 804 833 849 863 866; 9 1 6 22 15 16 9 8 14 9 11 10 9 9 11 3
2.947e+04; 8.404491617758687; True; 1 19 29 108 145 152 191 249 254 293 327 373 422 466 518 527 553 587 653 656 685 695 735 757 785 849 852 863 866; 8 1 7 21 12 11 8 10 10 9 11 7 10 8 12 4
5.423e+04; 8.433449793761596; True; 1 19 41 108 152 249 254 293 315 373 466 467 483 511 516 527 587 609 695 735 736 739 750 833 839 849 863 866; 10 1 7 19 12 11 7 9 10 10 12 9 9 8 12 4
5.632e+04; 8.442949869577863; True; 1 19 41 108 152 249 254 293 315 373 466 467 483 511 516 527 587 609 683 695 735 736 739 750 833 839 849 863 866; 10 1 7 19 12 11 7 9 10 10 13 9 9 8 12 4
5.633e+04; 8.445915413951123; True; 1 19 41 99 108 152 249 254 293 315 373 466 467 483 511 516 527 587 609 695 735 736 739 750 833 839 849 863 866; 10 1 7 20 12 12 7 9 10 10 12 9 9 8 12 4
5.635e+04; 8.50718097726024; True; 1 19 41 108 152 249 254 293 315 373 466 467 483 511 516 527 571 587 609 695 735 736 739 750 833 839 849 863 866; 10 1 7 19 12 11 8 9 10 10 12 9 9 9 12 4
5.641e+04; 8.509471352102548; True; 1 19 24 108 149 152 162 176 242 293 315 373 422 466 467 483 527 587 609 695 735 736 750 757 818 839 849 863 866; 11 1 8 20 15 11 10 10 9 8 11 10 8 8 13 4
