M: 18
Instance: 1
Algorithm: NSGA-II
Iteration: 900
Population Size: 1000
Running Time:  1.06e+05 seconds
Required Skills:  0 1 2 4 5 7 9 10 11 12 14 15 16 18 22 23 24 26 
Distance; Skill Score; isValid; Team; Skill Counts
33.49; 0.4531653925258574; True; 69 163 388 592 723; 2 1 3 1 2 1 2 1 1 2 2 1 1 3 1 2 1 1
34.45; 0.6898414091375038; True; 1 163 388 688 723; 2 1 4 1 4 1 2 1 1 2 1 1 2 2 1 2 2 1
34.51; 0.854488225044431; True; 1 163 388 723 900; 2 1 4 2 3 1 2 1 1 3 1 1 2 1 1 2 2 1
34.54; 0.9117965904372518; True; 163 173 388 723 900; 3 1 4 1 3 1 3 2 1 2 1 1 2 1 1 2 2 1
35.44; 0.9312035254507514; True; 163 388 592 723 885; 3 1 4 1 3 1 3 2 1 2 1 1 1 2 2 1 2 1
36.18; 1.1280760126687142; True; 163 388 547 592 885; 2 1 3 1 3 1 3 3 1 2 1 1 2 2 2 1 2 1
38.36; 1.1325798476597377; True; 163 388 547 885 900; 2 1 3 1 3 1 3 3 1 2 1 1 2 1 2 2 2 1
38.5; 1.1448854182871422; True; 42 163 388 723 874; 2 1 3 1 3 2 2 1 1 2 2 1 2 2 2 1 2 1
39.43; 1.1894903136993662; True; 163 173 388 723 874; 3 1 4 1 3 1 3 2 1 2 1 1 3 2 1 1 3 1
39.51; 1.4586378490256493; True; 1 112 163 388 723; 2 1 5 1 4 1 2 2 2 3 1 1 2 2 1 2 2 1
41.03; 1.4874212113594751; True; 163 388 500 723 874; 2 1 4 1 3 1 3 2 2 2 2 1 2 3 1 1 2 1
46.26; 1.712902125047222; True; 1 163 329 388 413 723; 3 1 5 2 3 1 3 1 2 3 2 1 2 1 1 2 2 1
46.27; 1.8662873390841952; True; 1 163 329 388 723 900; 3 1 5 2 3 1 3 1 2 3 2 1 2 1 1 3 2 1
47.46; 1.8868853589860102; True; 1 20 388 438 723 900; 2 1 5 2 4 1 2 1 2 4 2 2 2 1 1 2 2 1
47.73; 1.9601376748637946; True; 127 163 173 388 723 900; 3 1 5 1 4 1 3 3 2 2 2 1 2 2 1 2 2 1
49.23; 1.9951084577447418; True; 20 173 388 438 723 900; 3 1 5 1 4 1 3 2 2 3 2 2 2 1 1 2 2 1
49.29; 2.0060379549973177; True; 1 163 173 388 723 900; 3 1 5 2 4 1 3 2 1 3 1 2 3 1 1 2 3 1
49.68; 2.0269416279590295; True; 1 127 163 388 723 900; 2 1 5 2 4 1 2 2 2 3 2 1 2 2 1 2 2 1
50.86; 2.299942900022767; True; 30 163 388 547 592 885; 3 1 4 1 4 1 4 3 1 3 2 1 3 2 3 1 3 1
54.05; 2.3044905277734884; True; 30 163 388 547 885 900; 3 1 4 1 4 1 4 3 1 3 2 1 3 1 3 2 3 1
54.12; 2.3298045221640695; True; 1 112 163 329 388 723; 3 1 6 1 4 1 3 2 3 3 2 1 2 2 1 3 2 1
54.19; 2.5122840632818537; True; 1 163 388 413 547 723; 2 1 4 2 4 1 3 2 2 3 2 1 3 2 2 2 2 1
54.23; 2.6657685507193793; True; 1 163 388 547 723 900; 2 1 4 2 4 1 3 2 2 3 2 1 3 2 2 3 2 1
58.06; 2.676510710282553; True; 1 42 163 388 547 723; 2 1 4 1 5 1 3 2 2 2 3 2 3 2 3 2 2 1
58.23; 2.7334380270910614; True; 1 163 388 547 713 723; 2 1 4 2 5 1 4 2 2 2 2 1 3 3 3 2 2 1
61.05; 2.7654450180901495; True; 1 30 112 163 388 547; 2 1 5 1 5 1 3 3 2 4 2 1 4 2 2 2 3 1
61.19; 2.888404167737047; True; 1 112 163 388 547 723; 2 1 5 1 5 1 3 3 3 3 2 1 3 3 2 3 2 1
63.13; 2.8891335559667244; True; 1 20 173 388 438 723 900; 3 1 6 2 5 1 3 2 2 4 2 3 3 1 1 2 3 1
63.15; 2.893539843564662; True; 1 163 388 547 723 874; 2 1 4 2 4 1 3 2 2 3 2 1 4 3 2 2 3 1
63.98; 2.9059037662166176; True; 1 163 173 329 388 723 900; 4 1 6 2 4 1 4 2 2 3 2 2 3 1 1 3 3 1
64.15; 2.908431398966007; True; 1 163 173 187 388 723 900; 3 1 5 2 5 1 4 2 2 3 2 2 3 2 1 2 3 1
64.83; 3.030194785356752; True; 1 127 163 173 388 723 900; 3 1 6 2 5 1 3 3 2 3 2 2 3 2 1 2 3 1
67.1; 3.1296898921993; True; 1 20 173 388 438 713 723; 3 1 6 2 6 1 4 2 2 3 2 3 3 2 2 1 3 1
68.92; 3.231979026831505; True; 1 163 388 438 634 713 723; 3 1 5 2 6 1 4 2 1 3 3 2 3 2 3 2 3 1
68.96; 3.3310221710418286; True; 1 163 329 388 547 723 900; 3 1 5 2 4 1 4 2 3 3 3 1 3 2 2 4 2 1
71.06; 3.4405942618398306; True; 1 20 388 438 547 723 900; 2 1 5 2 5 1 3 2 3 4 3 2 3 2 2 3 2 1
72.93; 3.494432898726398; True; 1 163 388 438 547 723 900; 3 1 5 2 5 1 3 3 2 4 3 1 4 2 2 3 3 1
73.79; 3.588047496986082; True; 1 163 173 388 547 723 900; 3 1 5 2 5 1 4 3 2 3 2 2 4 2 2 3 3 1
75.85; 3.6612446089593345; True; 1 163 388 547 723 885 900; 3 1 5 2 5 1 4 3 2 3 2 2 3 2 3 3 3 1
79.43; 3.7426465899387367; True; 1 156 163 388 547 723 900; 2 1 4 2 5 2 4 3 3 3 3 2 3 2 2 3 2 1
81.41; 3.749890841271421; True; 1 156 163 388 484 547 723; 3 1 5 2 6 1 4 3 3 3 3 2 4 2 2 2 3 1
83.27; 3.763802224074592; True; 1 30 156 163 388 547 723; 3 1 5 1 6 1 5 3 3 3 4 2 4 2 3 2 3 1
83.77; 3.781468142841799; True; 1 30 112 163 388 547 723; 3 1 6 1 6 1 4 3 3 4 3 1 4 3 3 3 3 1
83.78; 3.8808135922807914; True; 1 20 173 388 438 634 713 723; 3 1 6 2 7 1 5 2 2 3 3 4 3 2 3 2 3 1
86.56; 3.886603514286712; True; 1 163 173 388 438 634 713 723; 4 1 6 2 7 1 5 3 1 3 3 3 4 2 3 2 4 1
86.87; 3.9883359558560514; True; 1 20 329 388 438 547 723 900; 3 1 6 2 5 1 4 2 4 4 4 2 3 2 2 4 2 1
90.36; 4.004321373782643; True; 1 110 163 329 388 547 723 900; 4 1 6 2 5 2 5 2 3 4 3 1 3 2 2 4 3 1
90.51; 4.008600171761918; True; 1 163 329 388 547 634 723 900; 3 1 5 2 5 1 5 2 3 3 4 2 3 2 3 5 2 1
90.58; 4.04375512696868; True; 1 163 329 388 438 547 723 900; 4 1 6 2 5 1 4 3 3 4 4 1 4 2 2 4 3 1
91.41; 4.061829307294699; True; 1 163 173 329 388 413 547 723; 4 1 6 2 5 1 5 3 3 3 3 2 4 2 2 3 3 1
91.43; 4.156246190397345; True; 1 20 110 388 438 547 723 900; 3 1 6 2 6 2 4 2 3 5 3 2 3 2 2 3 3 1
91.44; 4.164352855784436; True; 1 163 173 329 388 547 723 900; 4 1 6 2 5 1 5 3 3 3 3 2 4 2 2 4 3 1
91.51; 4.219322508419337; True; 1 20 173 388 438 547 723 900; 3 1 6 2 6 1 4 3 3 4 3 3 4 2 2 3 3 1
93.36; 4.221414237842339; True; 1 163 173 388 438 547 723 900; 4 1 6 2 6 1 4 4 2 4 3 2 5 2 2 3 4 1
94.48; 4.237794993273923; True; 1 163 329 388 547 723 885 900; 4 1 6 2 5 1 5 3 3 3 3 2 3 2 3 4 3 1
95.28; 4.288025535388362; True; 1 20 156 388 438 547 723 900; 2 1 5 2 6 2 4 3 4 4 4 3 3 2 2 3 2 1
95.7; 4.292477593667783; True; 1 20 388 438 547 723 885 900; 3 1 6 2 6 1 4 3 3 4 3 3 3 2 3 3 3 1
96.48; 4.310268366632448; True; 1 20 173 388 438 547 713 723; 3 1 6 2 7 1 5 3 3 3 3 3 4 3 3 2 3 1
97.35; 4.312388949370591; True; 1 163 173 388 438 547 713 723; 4 1 6 2 7 1 5 4 2 3 3 2 5 3 3 2 4 1
97.52; 4.321598430465343; True; 1 163 388 438 547 723 885 900; 4 1 6 2 6 1 4 4 2 4 3 2 4 2 3 3 4 1
98.21; 4.347525159998689; True; 1 20 30 156 388 547 723 900; 2 1 5 2 6 2 5 2 4 4 4 3 3 2 3 3 2 1
98.37; 4.380211241711606; True; 1 30 163 388 547 723 885 900; 4 1 6 2 6 1 5 3 2 4 3 2 4 2 4 3 4 1
101.9; 4.438542348786111; True; 1 156 163 388 484 547 723 900; 3 1 5 3 6 2 4 3 3 4 3 2 4 2 2 3 3 1
102; 4.467608105583633; True; 1 156 163 388 438 547 723 900; 3 1 5 2 6 2 4 4 3 4 4 2 4 2 2 3 3 1
103.3; 4.468937805665462; True; 1 112 163 388 484 547 634 723; 3 1 6 2 7 1 4 3 3 4 3 2 4 3 3 4 3 1
103.5; 4.5044708624944185; True; 1 112 163 173 388 547 723 900; 3 1 6 2 6 2 4 4 3 4 2 2 4 3 2 4 3 1
104.5; 4.564547711755948; True; 1 42 112 163 388 484 547 723; 3 1 6 2 7 2 3 3 3 4 3 2 4 3 3 3 3 1
104.9; 4.577376891917014; True; 1 30 156 163 388 547 723 900; 3 1 5 2 6 2 5 3 3 4 4 2 4 2 3 3 3 1
106.5; 4.5777215245090215; True; 1 112 163 388 547 723 885 900; 3 1 6 2 6 2 4 4 3 4 2 2 3 3 3 4 3 1
107; 4.578868328666029; True; 1 20 127 173 388 438 713 723 900; 3 1 7 3 7 2 4 3 3 4 3 3 3 3 2 2 3 1
109.1; 4.620448384711709; True; 1 20 110 329 388 438 547 723 900; 4 1 7 2 6 2 5 2 4 5 4 2 3 2 2 4 3 1
110; 4.630427875025024; True; 1 20 110 173 329 388 547 723 900; 4 1 7 2 6 2 6 2 4 4 3 3 3 2 2 4 3 1
110.2; 4.683497317679812; True; 1 20 173 329 388 438 547 723 900; 4 1 7 2 6 1 5 3 4 4 4 3 4 2 2 4 3 1
112.1; 4.699751031689514; True; 1 163 173 329 388 413 547 723 900; 4 1 6 3 5 2 5 3 3 4 3 2 4 2 2 4 3 1
112.8; 4.7050079593333365; True; 1 20 156 329 388 484 547 723 900; 3 1 6 3 6 2 5 2 5 4 4 3 3 2 2 4 2 1
113.1; 4.744605875414239; True; 1 20 173 388 438 547 634 723 900; 3 1 6 2 7 1 5 3 3 4 4 4 4 2 3 4 3 1
113.8; 4.800304577556199; True; 1 20 110 173 388 438 547 723 900; 4 1 7 2 7 2 5 3 3 5 3 3 4 2 2 3 4 1
117; 4.846769953537219; True; 1 163 173 268 388 438 547 723 900; 4 1 6 2 7 2 5 4 3 4 3 2 5 2 3 3 4 1
119; 4.872272846224204; True; 1 20 30 173 388 438 547 723 900; 4 1 7 2 7 1 5 3 3 5 4 3 5 2 3 3 4 1
119.2; 4.99899997221832; True; 1 20 173 388 438 547 713 723 900; 3 1 6 3 7 2 5 3 3 4 3 3 4 3 3 3 3 1
122; 5.001300933020419; True; 1 163 173 388 438 547 713 723 900; 4 1 6 3 7 2 5 4 2 4 3 2 5 3 3 3 4 1
123.7; 5.050379756261458; True; 1 20 30 156 388 438 547 723 900; 3 1 6 2 7 2 5 3 4 5 5 3 4 2 3 3 3 1
124.8; 5.059184617631372; True; 1 20 30 156 388 547 723 885 900; 3 1 6 2 7 2 6 3 4 4 4 4 3 2 4 3 3 1
127.2; 5.071145290451083; True; 1 20 173 329 388 438 634 713 723 900; 4 1 7 3 7 2 6 2 3 4 4 4 3 2 3 4 3 1
128; 5.071513805095089; True; 1 112 163 173 388 438 547 723 900; 4 1 7 2 7 2 4 5 3 5 3 2 5 3 2 4 4 1
128.1; 5.0806264869218065; True; 1 112 163 388 438 547 634 723 900; 3 1 6 2 7 2 4 4 3 5 4 2 4 3 3 5 3 1
128.7; 5.086715663944883; True; 1 20 127 173 329 388 438 713 723 900; 4 1 8 3 7 2 5 3 4 4 4 3 3 3 2 3 3 1
128.9; 5.088136088700551; True; 1 112 163 260 388 484 547 723 900; 3 1 7 3 6 2 4 4 3 5 3 2 5 3 2 4 4 1
129; 5.1172712956557636; True; 1 30 163 388 455 547 723 885 900; 4 1 6 3 6 2 5 3 3 4 3 2 4 3 4 3 4 1
129; 5.154728207440156; True; 1 20 127 173 388 438 634 713 723 900; 3 1 7 3 8 2 5 3 3 4 4 4 3 3 3 3 3 1
131.1; 5.1550322287909704; True; 1 20 30 112 173 388 547 723 900; 3 1 7 2 7 2 5 3 4 5 3 3 4 3 3 4 3 1
131.4; 5.190331698170292; True; 1 30 156 163 388 547 723 885 900; 4 1 6 2 7 2 6 4 3 4 4 3 4 2 4 3 4 1
132.9; 5.208172526667122; True; 1 30 112 163 173 388 547 723 900; 4 1 7 2 7 2 5 4 3 5 3 2 5 3 3 4 4 1
133.4; 5.235023159495224; True; 1 127 163 173 388 438 634 713 723 900; 4 1 7 3 8 2 5 4 2 4 4 3 4 3 3 3 4 1
133.9; 5.257438566859813; True; 1 30 112 163 388 547 723 885 900; 4 1 7 2 7 2 5 4 3 5 3 2 4 3 4 4 4 1
137.3; 5.276921132065773; True; 1 20 110 127 173 388 438 547 723 900; 4 1 8 2 8 2 5 4 4 5 4 3 4 3 2 3 4 1
138.3; 5.311753861055754; True; 1 20 110 173 388 438 547 634 723 900; 4 1 7 2 8 2 6 3 3 5 4 4 4 2 3 4 4 1
140.9; 5.449632650470075; True; 1 20 173 329 388 438 547 713 723 900; 4 1 7 3 7 2 6 3 4 4 4 3 4 3 3 4 3 1
142.8; 5.4593924877592315; True; 1 20 173 388 438 547 634 713 723 900; 3 1 6 3 8 2 6 3 3 4 4 4 4 3 4 4 3 1
145.6; 5.476541809027429; True; 1 163 173 329 388 438 547 713 723 900; 5 1 7 3 7 2 6 4 3 4 4 2 5 3 3 4 4 1
147.6; 5.512550992904211; True; 1 163 173 388 438 547 634 713 723 900; 4 1 6 3 8 2 6 4 2 4 4 3 5 3 4 4 4 1
149.6; 5.519959180752068; True; 1 20 173 260 388 438 547 713 723 900; 3 1 7 3 7 2 6 4 3 4 4 4 5 3 3 3 4 1
150.5; 5.534787358629492; True; 1 163 173 388 438 455 547 634 723 900; 4 1 6 3 7 2 5 4 3 4 4 3 5 3 3 4 4 1
150.6; 5.587037117743456; True; 1 20 30 173 388 438 547 713 723 900; 4 1 7 3 8 2 6 3 3 5 4 3 5 3 4 3 4 1
153.3; 5.601408060534684; True; 1 20 30 156 388 438 547 723 885 900; 4 1 7 2 8 2 6 4 4 5 5 4 4 2 4 3 4 1
153.8; 5.608312042697326; True; 1 20 30 388 438 547 713 723 885 900; 4 1 7 3 8 2 6 3 3 5 4 3 4 3 5 3 4 1
155.5; 5.619823500457278; True; 1 112 163 173 388 438 547 634 723 900; 4 1 7 2 8 2 5 5 3 5 4 3 5 3 3 5 4 1
156.3; 5.6416723732246865; True; 1 20 30 156 388 438 547 713 723 900; 3 1 6 3 8 3 6 3 4 5 5 3 4 3 4 3 3 1
158.5; 5.642662331442036; True; 1 20 163 388 438 547 634 713 723 900; 3 1 6 3 8 2 6 3 3 4 4 3 4 3 4 4 3 2
158.5; 5.6732974397596365; True; 1 20 30 112 173 388 438 547 723 900; 4 1 8 2 8 2 5 4 4 6 4 3 5 3 3 4 4 1
158.9; 5.675503384727957; True; 1 127 163 173 329 388 438 634 713 723 900; 5 1 8 3 8 2 6 4 3 4 5 3 4 3 3 4 4 1
159.3; 5.684037037486521; True; 1 20 163 173 388 438 547 713 723 900; 4 1 7 3 8 2 6 4 3 4 3 3 5 3 3 3 4 2
160.5; 5.70139526901392; True; 1 112 163 173 388 438 547 634 713 723; 4 1 7 2 9 2 6 5 3 4 4 3 5 4 4 4 4 1
161.7; 5.722469385884031; True; 1 20 30 112 388 438 547 723 885 900; 4 1 8 2 8 2 5 4 4 6 4 3 4 3 4 4 4 1
163.7; 5.734799829588846; True; 1 20 30 127 173 388 438 634 713 723 900; 4 1 8 3 9 2 6 3 3 5 5 4 4 3 4 3 4 1
164.2; 5.760723972141951; True; 1 20 110 127 173 388 438 547 634 723 900; 4 1 8 2 9 2 6 4 4 5 5 4 4 3 3 4 4 1
165.7; 5.762753564933375; True; 1 20 30 156 163 388 547 723 885 900; 4 1 7 2 8 2 7 4 4 4 4 4 4 2 4 3 4 2
165.9; 5.766264090651996; True; 1 20 156 163 388 438 547 713 723 900; 3 1 6 3 8 3 6 4 4 4 4 3 4 3 3 3 3 2
166.5; 5.846584502898047; True; 1 20 173 329 388 438 547 634 713 723 900; 4 1 7 3 8 2 7 3 4 4 5 4 4 3 4 5 3 1
168.9; 5.8514418146720555; True; 1 20 110 173 329 388 438 547 713 723 900; 5 1 8 3 8 3 7 3 4 5 4 3 4 3 3 4 4 1
170.1; 5.865103974641128; True; 1 20 127 173 388 438 547 634 713 723 900; 3 1 7 3 9 2 6 4 4 4 5 4 4 4 4 4 3 1
170.2; 5.8790385052372365; True; 1 20 173 329 388 438 484 547 713 723 900; 5 1 8 4 8 2 6 3 4 5 4 3 5 3 3 4 4 1
171.9; 5.894537584995746; True; 1 20 110 173 388 438 547 634 713 723 900; 4 1 7 3 9 3 7 3 3 5 4 4 4 3 4 4 4 1
173; 5.896911840826025; True; 1 20 260 329 388 438 484 547 713 723 900; 4 1 8 4 7 2 6 3 4 5 5 3 5 3 3 4 4 1
173; 5.922102366807607; True; 1 20 173 388 438 484 547 634 713 723 900; 4 1 7 4 9 2 6 3 3 5 4 4 5 3 4 4 4 1
173.1; 5.924486043733914; True; 1 163 173 329 388 438 547 634 713 723 900; 5 1 7 3 8 2 7 4 3 4 5 3 5 3 4 5 4 1
174.1; 5.9275243408750296; True; 1 20 173 260 329 388 438 547 713 723 900; 4 1 8 3 7 2 7 4 4 4 5 4 5 3 3 4 4 1
174.5; 5.94215692846749; True; 1 127 163 173 388 438 547 634 713 723 900; 4 1 7 3 9 2 6 5 3 4 5 3 5 4 4 4 4 1
175.9; 5.969928189428115; True; 1 20 156 173 329 388 438 547 713 723 900; 4 1 7 3 8 3 7 4 5 4 5 4 4 3 3 4 3 1
177.1; 5.983490971815167; True; 1 20 30 173 388 438 547 634 713 723 900; 4 1 7 3 9 2 7 3 3 5 5 4 5 3 5 4 4 1
178.9; 5.985516287852715; True; 1 20 30 127 173 388 438 547 713 723 900; 4 1 8 3 9 2 6 4 4 5 5 3 5 4 4 3 4 1
179.2; 5.991048776452676; True; 1 20 30 173 388 438 455 547 634 723 900; 4 1 7 3 8 2 6 3 4 5 5 4 5 3 4 4 4 1
180.4; 6.006466042249231; True; 1 20 156 173 388 438 484 547 634 713 723; 4 1 7 3 10 2 7 4 4 4 5 5 5 3 4 3 4 1
181.9; 6.011147360775798; True; 1 20 30 156 329 388 438 547 713 723 900; 4 1 7 3 8 3 7 3 5 5 6 3 4 3 4 4 3 1
182; 6.03181227133037; True; 1 20 112 173 388 438 484 547 634 723 900; 4 1 8 3 9 2 5 4 4 6 4 4 5 3 3 5 4 1
182.5; 6.045714058940868; True; 1 20 156 173 388 438 484 547 713 723 900; 4 1 7 4 9 3 6 4 4 5 4 4 5 3 3 3 4 1
184.2; 6.0488300865283495; True; 1 20 30 173 388 438 455 547 723 885 900; 5 1 8 3 8 2 6 4 4 5 4 4 5 3 4 3 5 1
185.9; 6.0927206446841; True; 1 20 163 173 329 388 438 547 713 723 900; 5 1 8 3 8 2 7 4 4 4 4 3 5 3 3 4 4 2
186.5; 6.135132651376775; True; 1 20 30 156 173 388 438 547 713 723 900; 4 1 7 3 9 3 7 4 4 5 5 4 5 3 4 3 4 1
187.8; 6.136086097384098; True; 1 20 163 173 388 438 547 634 713 723 900; 4 1 7 3 9 2 7 4 3 4 4 4 5 3 4 4 4 2
189.7; 6.136086097384098; True; 1 20 30 156 388 438 455 547 723 885 900; 4 1 7 3 8 3 6 4 5 5 5 4 4 3 4 3 4 1
189.7; 6.156246190397345; True; 1 20 30 156 388 438 547 713 723 885 900; 4 1 7 3 9 3 7 4 4 5 5 4 4 3 5 3 4 1
191.1; 6.160468531119037; True; 1 112 163 173 388 438 547 634 713 723 900; 4 1 7 3 9 3 6 5 3 5 4 3 5 4 4 5 4 1
193.8; 6.166726055580051; True; 1 20 30 163 388 438 547 634 713 723 900; 4 1 7 3 9 2 7 3 3 5 5 3 5 3 5 4 4 2
194.6; 6.186391215695494; True; 1 20 30 163 173 388 438 547 713 723 900; 5 1 8 3 9 2 7 4 3 5 4 3 6 3 4 3 5 2
195.1; 6.213783299335304; True; 1 20 30 112 173 388 438 547 713 723 900; 4 1 8 3 9 3 6 4 4 6 4 3 5 4 4 4 4 1
196.7; 6.215108581053093; True; 1 20 112 163 388 438 484 547 634 723 900; 4 1 8 3 9 2 5 4 4 6 4 3 5 3 3 5 4 2
197.1; 6.217747073262794; True; 1 20 156 163 388 438 484 547 634 713 723; 4 1 7 3 10 2 7 4 4 4 5 4 5 3 4 3 4 2
197.2; 6.232487866352987; True; 1 20 156 163 173 388 438 547 713 723 900; 4 1 7 3 9 3 7 5 4 4 4 4 5 3 3 3 4 2
197.4; 6.242789809478676; True; 1 20 110 173 329 388 438 547 634 713 723 900; 5 1 8 3 9 3 8 3 4 5 5 4 4 3 4 5 4 1
198.4; 6.249442961442583; True; 1 20 30 112 156 388 484 547 723 885 900; 4 1 8 3 9 3 6 4 5 6 4 4 4 3 4 4 4 1
198.6; 6.275771900164932; True; 1 20 173 329 388 438 484 547 634 713 723 900; 5 1 8 4 9 2 7 3 4 5 5 4 5 3 4 5 4 1
201.1; 6.292920299600006; True; 1 20 110 127 173 388 438 547 634 713 723 900; 4 1 8 3 10 3 7 4 4 5 5 4 4 4 4 4 4 1
202.2; 6.318272080211626; True; 1 20 30 156 163 388 438 547 713 723 900; 4 1 7 3 9 3 7 4 4 5 5 3 5 3 4 3 4 2
203.3; 6.320561680195237; True; 1 20 127 173 388 438 484 547 634 713 723 900; 4 1 8 4 10 2 6 4 4 5 5 4 5 4 4 4 4 1
204.9; 6.324282455297693; True; 1 20 25 173 329 388 438 547 634 713 723 900; 4 1 8 4 9 2 8 4 4 5 5 4 5 3 4 5 4 1
207.7; 6.324488233307656; True; 1 20 30 112 163 388 438 547 634 713 723; 4 1 8 2 10 2 7 4 4 5 5 3 5 4 5 4 4 2
207.7; 6.364550995353971; True; 1 20 30 127 173 388 438 547 634 713 723 900; 4 1 8 3 10 2 7 4 4 5 6 4 5 4 5 4 4 1
208; 6.38363586836188; True; 1 20 30 112 156 163 388 484 547 723 900; 4 1 8 3 9 3 6 4 5 6 4 3 5 3 3 4 4 2
209; 6.399154333958217; True; 1 20 156 173 329 388 438 484 547 713 723 900; 5 1 8 4 9 3 7 4 5 5 5 4 5 3 3 4 4 1
211; 6.402605241919915; True; 1 20 30 112 156 163 388 547 723 885 900; 4 1 8 2 9 3 7 5 5 5 4 4 4 3 4 4 4 2
211.8; 6.442009159140952; True; 1 20 156 173 388 438 484 547 634 713 723 900; 4 1 7 4 10 3 7 4 4 5 5 5 5 3 4 4 4 1
215; 6.465828815357437; True; 1 20 30 156 173 329 388 438 547 713 723 900; 5 1 8 3 9 3 8 4 5 5 6 4 5 3 4 4 4 1
216; 6.480868923687169; True; 1 20 30 156 173 388 438 547 634 713 723 900; 4 1 7 3 10 3 8 4 4 5 6 5 5 3 5 4 4 1
216.3; 6.484299839346786; True; 1 20 163 173 329 388 438 547 634 713 723 900; 5 1 8 3 9 2 8 4 4 4 5 4 5 3 4 5 4 2
219; 6.507180977260241; True; 1 20 127 163 173 388 438 547 634 713 723 900; 4 1 8 3 10 2 7 5 4 4 5 4 5 4 4 4 4 2
219.5; 6.521268875598386; True; 1 20 112 173 388 438 484 547 634 713 723 900; 4 1 8 4 10 3 6 4 4 6 4 4 5 4 4 5 4 1
222; 6.5215303412787105; True; 1 20 163 173 388 438 484 547 634 713 723 900; 5 1 8 4 10 2 7 4 3 5 4 4 6 3 4 4 5 2
223; 6.52865964523499; True; 1 20 30 156 173 388 438 547 713 723 885 900; 5 1 8 3 10 3 8 5 4 5 5 5 5 3 5 3 5 1
223.8; 6.533009022495486; True; 1 20 112 260 388 438 484 547 612 713 723 900; 4 1 8 4 9 3 5 4 4 6 4 4 6 4 4 4 5 1
224.5; 6.534533756005116; True; 1 20 30 112 173 329 388 438 547 713 723 900; 5 1 9 3 9 3 7 4 5 6 5 3 5 4 4 5 4 1
225; 6.541204690683259; True; 1 20 30 163 173 329 388 438 547 713 723 900; 6 1 9 3 9 2 8 4 4 5 5 3 6 3 4 4 5 2
225.6; 6.582631439489637; True; 1 20 30 112 173 388 438 547 634 713 723 900; 4 1 8 3 10 3 7 4 4 6 5 4 5 4 5 5 4 1
228.5; 6.623456048069933; True; 1 20 156 163 173 388 438 547 634 713 723 900; 4 1 7 3 10 3 8 5 4 4 5 5 5 3 4 4 4 2
230.4; 6.653309012938479; True; 1 20 156 163 388 438 484 547 634 713 723 900; 4 1 7 4 10 3 7 4 4 5 5 4 5 3 4 4 4 2
234.5; 6.692053365034081; True; 1 20 30 156 163 388 438 547 634 713 723 900; 4 1 7 3 10 3 8 4 4 5 6 4 5 3 5 4 4 2
236.2; 6.704579449696299; True; 1 20 112 163 388 438 484 547 634 713 723 900; 4 1 8 4 10 3 6 4 4 6 4 3 5 4 4 5 4 2
236.3; 6.725503268859315; True; 1 20 112 163 173 388 438 547 634 713 723 900; 4 1 8 3 10 3 7 5 4 5 4 4 5 4 4 5 4 2
239.5; 6.739888655084544; True; 1 20 30 156 163 388 438 547 713 723 885 900; 5 1 8 3 10 3 8 5 4 5 5 4 5 3 5 3 5 2
240.3; 6.74523098452814; True; 1 20 156 173 329 388 438 484 547 634 713 723 900; 5 1 8 4 10 3 8 4 5 5 6 5 5 3 4 5 4 1
242.2; 6.765891976430016; True; 1 20 30 112 163 388 438 547 634 713 723 900; 4 1 8 3 10 3 7 4 4 6 5 3 5 4 5 5 4 2
243.1; 6.780317312140152; True; 1 20 30 112 156 163 388 484 547 634 723 900; 4 1 8 3 10 3 7 4 5 6 5 4 5 3 4 5 4 2
244.1; 6.780965029608318; True; 1 20 30 112 163 173 388 438 547 713 723 900; 5 1 9 3 10 3 7 5 4 6 4 3 6 4 4 4 5 2
245.4; 6.806993513682107; True; 1 20 112 156 163 388 438 484 547 634 713 723; 4 1 8 3 11 3 7 5 5 5 5 4 5 4 4 4 4 2
248.2; 6.818951311640173; True; 1 20 30 112 163 388 438 547 713 723 885 900; 5 1 9 3 10 3 7 5 4 6 4 3 5 4 5 4 5 2
248.2; 6.833274639290563; True; 1 20 30 112 156 163 388 484 547 723 885 900; 5 1 9 3 10 3 7 5 5 6 4 4 5 3 4 4 5 2
250.2; 6.837651557846392; True; 1 20 30 112 156 163 388 484 547 634 713 723; 4 1 8 3 11 3 8 4 5 5 5 4 5 4 5 4 4 2
251.5; 6.840357059203356; True; 1 20 30 112 156 163 388 438 547 713 723 900; 4 1 8 3 10 4 7 5 5 6 5 3 5 4 4 4 4 2
252.4; 6.848558572123764; True; 1 20 163 173 329 388 438 484 547 634 713 723 900; 6 1 9 4 10 2 8 4 4 5 5 4 6 3 4 5 5 2
253.9; 6.861952374921451; True; 1 20 112 260 329 388 438 484 547 612 713 723 900; 5 1 9 4 9 3 6 4 5 6 5 4 6 4 4 5 5 1
256.2; 6.887504774235378; True; 1 20 127 163 173 388 438 484 547 634 713 723 900; 5 1 9 4 11 2 7 5 4 5 5 4 6 4 4 4 5 2
258.6; 6.895201474778894; True; 1 20 112 173 260 388 438 484 547 634 713 723 900; 4 1 9 4 10 3 7 5 4 6 5 5 6 4 4 5 5 1
259.8; 6.917242857907466; True; 1 20 163 173 329 388 438 455 547 634 713 723 900; 5 1 8 4 9 3 8 4 5 4 5 4 5 4 4 5 4 2
260; 6.9231403560252005; True; 1 20 156 163 173 329 388 438 547 634 713 723 900; 5 1 8 3 10 3 9 5 5 4 6 5 5 3 4 5 4 2
260.5; 6.926290986884863; True; 1 20 30 127 163 173 388 438 547 634 713 723 900; 5 1 9 3 11 2 8 5 4 5 6 4 6 4 5 4 5 2
260.8; 6.956456583409899; True; 1 20 156 163 329 388 438 484 547 634 713 723 900; 5 1 8 4 10 3 8 4 5 5 6 4 5 3 4 5 4 2
265.5; 6.965107585849056; True; 1 20 156 163 329 388 438 484 547 612 713 723 900; 6 1 8 4 10 3 7 4 5 5 5 4 6 3 4 4 5 2
266.6; 7.00902574208691; True; 1 20 156 163 173 388 438 484 547 634 713 723 900; 5 1 8 4 11 3 8 5 4 5 5 5 6 3 4 4 5 2
268.6; 7.023663918197794; True; 1 20 112 163 173 329 388 438 547 634 713 723 900; 5 1 9 3 10 3 8 5 5 5 5 4 5 4 4 6 4 2
270.5; 7.026533264523296; True; 1 20 112 163 173 388 438 547 634 636 713 723 900; 4 1 8 4 11 3 7 5 4 5 5 4 6 4 4 5 5 2
270.7; 7.044147620878723; True; 1 20 30 156 163 173 388 438 547 634 713 723 900; 5 1 8 3 11 3 9 5 4 5 6 5 6 3 5 4 5 2
273.4; 7.088490470182396; True; 1 20 112 163 173 388 438 484 547 634 713 723 900; 5 1 9 4 11 3 7 5 4 6 4 4 6 4 4 5 5 2
277.3; 7.106530853822381; True; 1 20 112 163 260 388 438 484 547 634 713 723 900; 4 1 9 4 10 3 7 5 4 6 5 4 6 4 4 5 5 2
279.4; 7.144262773761991; True; 1 20 30 112 163 173 388 438 547 634 713 723 900; 5 1 9 3 11 3 8 5 4 6 5 4 6 4 5 5 5 2
281.7; 7.1476763242410986; True; 1 20 112 156 163 388 438 484 547 634 713 723 900; 4 1 8 4 11 4 7 5 5 6 5 4 5 4 4 5 4 2
284.5; 7.164650215934296; True; 1 20 30 112 163 388 438 547 634 713 723 885 900; 5 1 9 3 11 3 8 5 4 6 5 4 5 4 6 5 5 2
285.5; 7.167612672727531; True; 1 20 30 112 163 388 438 455 547 634 723 885 900; 5 1 9 3 10 3 7 5 5 6 5 4 5 4 5 5 5 2
286.3; 7.168792020314182; True; 1 20 30 112 156 163 388 484 547 634 723 885 900; 5 1 9 3 11 3 8 5 5 6 5 5 5 3 5 5 5 2
287.4; 7.178401341533755; True; 1 20 30 112 156 163 388 484 547 634 713 723 900; 4 1 8 4 11 4 8 4 5 6 5 4 5 4 5 5 4 2
287.8; 7.186391215695494; True; 1 20 30 112 156 163 388 438 547 634 713 723 900; 4 1 8 3 11 4 8 5 5 6 6 4 5 4 5 5 4 2
289.5; 7.208441356438568; True; 1 20 30 112 156 163 388 438 484 547 634 713 723; 5 1 9 3 12 3 8 5 5 6 6 4 6 4 5 4 5 2
293.3; 7.211387552936859; True; 1 20 30 112 156 163 260 388 484 547 713 723 900; 4 1 9 4 10 4 8 5 5 6 5 4 6 4 4 4 5 2
294.5; 7.231469590430681; True; 1 20 30 112 156 163 388 484 547 713 723 885 900; 5 1 9 4 11 4 8 5 5 6 4 4 5 4 5 4 5 2
294.8; 7.239799818447098; True; 1 20 30 112 156 163 388 438 547 713 723 885 900; 5 1 9 3 11 4 8 6 5 6 5 4 5 4 5 4 5 2
299.1; 7.254306332331286; True; 1 20 156 163 173 187 388 438 484 547 634 713 723 900; 5 1 8 4 12 3 9 5 5 5 6 5 6 4 4 4 5 2
299.9; 7.287353772714747; True; 1 20 156 163 173 329 388 438 484 547 634 713 723 900; 6 1 9 4 11 3 9 5 5 5 6 5 6 3 4 5 5 2
304.6; 7.292477593667783; True; 1 20 156 163 260 329 388 438 484 547 634 713 723 900; 5 1 9 4 10 3 9 5 5 5 7 5 6 3 4 5 5 2
304.8; 7.307282047033347; True; 1 20 112 163 173 329 388 438 547 634 636 713 723 900; 5 1 9 4 11 3 8 5 5 5 6 4 6 4 4 6 5 2
305; 7.313023110323238; True; 1 20 127 156 163 173 388 438 484 547 634 713 723 900; 5 1 9 4 12 3 8 6 5 5 6 5 6 4 4 4 5 2
305.8; 7.3168087520530225; True; 1 20 30 163 173 329 388 438 455 547 634 713 723 900; 6 1 9 4 10 3 9 4 5 5 6 4 6 4 5 5 5 2
306; 7.326949994165998; True; 1 20 112 163 173 187 388 438 484 547 634 713 723 900; 5 1 9 4 12 3 8 5 5 6 5 4 6 5 4 5 5 2
307.7; 7.366422957225973; True; 1 20 112 163 173 329 388 438 484 547 634 713 723 900; 6 1 10 4 11 3 8 5 5 6 5 4 6 4 4 6 5 2
311.4; 7.38327665040765; True; 1 20 112 163 260 329 388 438 484 547 634 713 723 900; 5 1 10 4 10 3 8 5 5 6 6 4 6 4 4 6 5 2
313.1; 7.388988785124715; True; 1 20 112 163 329 388 438 483 484 547 634 713 723 900; 5 1 9 4 11 3 7 5 5 6 5 4 6 4 5 6 5 2
315.7; 7.401745082237063; True; 1 20 30 112 163 173 329 388 438 547 634 713 723 900; 6 1 10 3 11 3 9 5 5 6 6 4 6 4 5 6 5 2
316; 7.41077723337721; True; 1 20 112 156 163 329 388 438 484 547 634 713 723 900; 5 1 9 4 11 4 8 5 6 6 6 4 5 4 4 6 4 2
317.9; 7.421274791210346; True; 1 20 112 163 260 388 438 484 547 612 634 713 723 900; 5 1 9 4 11 3 7 5 4 6 5 5 7 4 5 5 6 2
319.9; 7.427486109095785; True; 1 20 30 156 163 173 388 438 455 547 634 713 723 900; 5 1 8 4 11 4 9 5 5 5 6 5 6 4 5 4 5 2
320.5; 7.447468130949757; True; 1 20 30 112 163 173 388 438 484 547 634 713 723 900; 6 1 10 4 12 3 8 5 4 7 5 4 7 4 5 5 6 2
322.9; 7.481299273332855; True; 1 20 112 156 163 173 388 438 484 547 634 713 723 900; 5 1 9 4 12 4 8 6 5 6 5 5 6 4 4 5 5 2
324.7; 7.490520309363349; True; 1 20 112 156 163 388 438 484 547 612 634 713 723 900; 5 1 8 4 12 4 7 5 5 6 5 5 6 4 5 5 5 2
328.8; 7.500099191915723; True; 1 20 30 112 163 173 388 438 455 547 634 713 723 900; 5 1 9 4 11 4 8 5 5 6 5 4 6 5 5 5 5 2
328.9; 7.516535373895799; True; 1 20 30 112 156 163 173 388 438 547 634 713 723 900; 5 1 9 3 12 4 9 6 5 6 6 5 6 4 5 5 5 2
329.8; 7.537189226243644; True; 1 20 30 112 156 163 388 438 484 547 634 713 723 900; 5 1 9 4 12 4 8 5 5 7 6 4 6 4 5 5 5 2
334.6; 7.545678149792025; True; 1 20 30 112 156 163 388 484 547 634 713 723 885 900; 5 1 9 4 12 4 9 5 5 6 5 5 5 4 6 5 5 2
337.8; 7.554246808166111; True; 1 20 30 112 156 163 388 438 484 547 713 723 885 900; 6 1 10 4 12 4 8 6 5 7 5 4 6 4 5 4 6 2
341.4; 7.559068334034537; True; 1 20 30 112 156 163 260 388 484 547 713 723 885 900; 5 1 10 4 11 4 9 6 5 6 5 5 6 4 5 4 6 2
343.8; 7.559308010907012; True; 1 20 112 163 187 260 329 388 484 547 612 634 713 723 900; 5 1 9 4 11 3 9 4 6 5 6 5 6 5 5 6 5 2
344.8; 7.5945030438200885; True; 1 20 112 163 173 329 388 438 484 547 634 636 713 723 900; 6 1 10 5 12 3 8 5 5 6 6 4 7 4 4 6 6 2
348.5; 7.599555590985981; True; 1 20 112 163 260 329 388 438 484 547 634 636 713 723 900; 5 1 10 5 11 3 8 5 5 6 7 4 7 4 4 6 6 2
348.6; 7.599773939146388; True; 1 20 112 144 163 260 329 388 438 484 547 634 713 723 900; 5 1 10 4 10 4 8 5 5 6 6 4 7 4 4 7 6 2
349.7; 7.61888448499545; True; 1 20 112 127 163 173 329 388 438 484 547 634 713 723 900; 6 1 11 4 12 3 8 6 6 6 6 4 6 5 4 6 5 2
350; 7.625826713285711; True; 1 20 112 163 173 187 388 438 484 547 612 634 713 723 900; 6 1 9 4 13 3 8 5 5 6 5 5 7 5 5 5 6 2
352; 7.626134978635388; True; 1 20 112 163 173 187 260 388 438 484 547 634 713 723 900; 5 1 10 4 12 3 9 6 5 6 6 5 7 5 4 5 6 2
352.3; 7.642662331442036; True; 1 20 112 163 187 260 388 438 484 547 612 634 713 723 900; 5 1 9 4 12 3 8 5 5 6 6 5 7 5 5 5 6 2
352.5; 7.65475393325293; True; 1 20 112 163 173 329 388 438 484 547 612 634 713 723 900; 7 1 10 4 12 3 8 5 5 6 5 5 7 4 5 6 6 2
354.5; 7.662757831681574; True; 1 20 112 163 173 260 329 388 438 484 547 634 713 723 900; 6 1 11 4 11 3 9 6 5 6 6 5 7 4 4 6 6 2
354.8; 7.679972694277419; True; 1 20 25 112 163 260 329 388 484 547 612 634 713 723 900; 5 1 10 5 11 3 9 5 5 6 5 5 7 4 5 6 6 2
354.8; 7.682145076373832; True; 1 20 112 163 260 329 388 438 484 547 612 634 713 723 900; 6 1 10 4 11 3 8 5 5 6 6 5 7 4 5 6 6 2
358.3; 7.691700208290161; True; 1 20 112 163 260 329 388 438 484 537 547 634 713 723 900; 5 1 10 4 11 3 8 6 5 6 6 5 7 4 5 6 6 2
360; 7.721068301797159; True; 1 20 112 156 163 173 329 388 438 484 547 634 713 723 900; 6 1 10 4 12 4 9 6 6 6 6 5 6 4 4 6 5 2
361.7; 7.737590166285722; True; 1 20 112 156 163 329 388 438 484 547 612 634 713 723 900; 6 1 9 4 12 4 8 5 6 6 6 5 6 4 5 6 5 2
365.8; 7.747178671360164; True; 1 20 112 156 163 329 388 438 484 537 547 634 713 723 900; 5 1 9 4 12 4 8 6 6 6 6 5 6 4 5 6 5 2
367.9; 7.765221366304981; True; 1 20 30 112 156 163 329 388 438 484 547 634 713 723 900; 6 1 10 4 12 4 9 5 6 7 7 4 6 4 5 6 5 2
371.2; 7.779380011491655; True; 1 20 112 156 163 260 388 438 484 547 612 634 713 723 900; 5 1 9 4 12 4 8 6 5 6 6 6 7 4 5 5 6 2
373; 7.78993308093175; True; 1 20 25 112 156 163 388 438 484 547 612 634 713 723 900; 5 1 9 5 13 4 8 6 5 7 5 5 7 4 5 5 6 2
373.8; 7.819609732751585; True; 1 20 30 112 156 163 173 388 438 484 547 634 713 723 900; 6 1 10 4 13 4 9 6 5 7 6 5 7 4 5 5 6 2
378.6; 7.824646414718352; True; 1 20 30 112 156 163 260 388 438 484 547 634 713 723 900; 5 1 10 4 12 4 9 6 5 7 7 5 7 4 5 5 6 2
379.9; 7.851258348719075; True; 1 20 30 112 156 163 388 438 484 547 634 713 723 885 900; 6 1 10 4 13 4 9 6 5 7 6 5 6 4 6 5 6 2
390.1; 7.8778894253714835; True; 1 20 25 112 163 187 260 329 388 484 547 612 634 713 723 900; 5 1 10 5 12 3 10 5 6 6 6 5 7 5 5 6 6 2
393.8; 7.879267956824613; True; 1 20 112 163 260 329 388 438 484 547 612 634 636 713 723 900; 6 1 10 5 12 3 8 5 5 6 7 5 8 4 5 6 7 2
394; 7.879497287249428; True; 1 20 112 144 163 260 329 388 438 484 547 612 634 713 723 900; 6 1 10 4 11 4 8 5 5 6 6 5 8 4 5 7 7 2
396.5; 7.895256753144894; True; 1 20 112 156 163 173 187 329 388 438 484 547 634 713 723 900; 6 1 10 4 13 4 10 6 7 6 7 5 6 5 4 6 5 2
398.1; 7.907787443110616; True; 1 20 112 163 260 329 388 413 438 484 547 612 634 713 723 900; 6 1 10 5 11 4 8 5 5 7 6 5 7 4 5 6 6 2
398.1; 7.9141315126308935; True; 1 20 112 156 163 187 329 388 438 484 547 612 634 713 723 900; 6 1 9 4 13 4 9 5 7 6 7 5 6 5 5 6 5 2
400.9; 7.915188705173156; True; 1 20 25 112 163 260 329 388 484 547 612 634 713 723 765 900; 5 1 10 6 12 3 9 6 5 7 5 5 8 4 5 6 7 2
401; 7.93736741751729; True; 1 20 112 156 163 173 329 388 438 484 547 634 636 713 723 900; 6 1 10 5 13 4 9 6 6 6 7 5 7 4 4 6 6 2
402.6; 7.953856298224986; True; 1 20 112 156 163 329 388 438 484 547 612 634 636 713 723 900; 6 1 9 5 13 4 8 5 6 6 7 5 7 4 5 6 6 2
406.2; 7.962842681201243; True; 1 20 112 156 163 173 187 388 438 484 547 612 634 713 723 900; 6 1 9 4 14 4 9 6 6 6 6 6 7 5 5 5 6 2
406.8; 7.963457260116707; True; 1 20 112 156 163 329 388 438 484 537 547 634 636 713 723 900; 5 1 9 5 13 4 8 6 6 6 7 5 7 4 5 6 6 2
407.7; 7.965107585849056; True; 1 20 112 163 173 329 388 438 455 484 547 612 634 713 723 900; 7 1 10 5 12 4 8 5 6 6 5 5 7 5 5 6 6 2
408.7; 7.991757539534348; True; 1 20 112 156 163 173 329 388 438 484 547 612 634 713 723 900; 7 1 10 4 13 4 9 6 6 6 6 6 7 4 5 6 6 2
410.1; 7.992465147808042; True; 1 20 112 163 260 329 388 438 455 484 547 612 634 713 723 900; 6 1 10 5 11 4 8 5 6 6 6 5 7 5 5 6 6 2
410.9; 8.014520538757925; True; 1 20 25 112 156 163 260 329 388 484 547 612 634 713 723 900; 5 1 10 5 12 4 10 6 6 6 6 6 7 4 5 6 6 2
412.8; 8.029789470831856; True; 1 20 25 112 156 163 329 388 438 484 547 612 634 713 723 900; 6 1 10 5 13 4 9 6 6 7 6 5 7 4 5 6 6 2
414.9; 8.03181227133037; True; 1 20 30 112 156 163 173 329 388 438 484 547 634 713 723 900; 7 1 11 4 13 4 10 6 6 7 7 5 7 4 5 6 6 2
417.5; 8.035829825252828; True; 1 20 30 112 156 163 329 388 438 484 547 612 634 713 723 900; 7 1 10 4 13 4 9 5 6 7 7 5 7 4 6 6 6 2
419.5; 8.039017321997411; True; 1 20 30 112 156 163 260 329 388 438 484 547 634 713 723 900; 6 1 11 4 12 4 10 6 6 7 8 5 7 4 5 6 6 2
420.4; 8.04099769242349; True; 1 20 25 112 156 163 260 388 438 484 547 612 634 713 723 900; 5 1 10 5 13 4 9 7 5 7 6 6 8 4 5 5 7 2
420.9; 8.04336227802113; True; 1 20 25 30 112 156 163 329 388 438 484 547 634 713 723 900; 6 1 11 5 13 4 10 6 6 8 7 4 7 4 5 6 6 2
421.4; 8.05307844348342; True; 1 20 25 30 112 156 163 260 329 388 484 547 634 713 723 900; 5 1 11 5 12 4 11 6 6 7 7 5 7 4 5 6 6 2
421.7; 8.056142262059053; True; 1 20 30 112 156 163 329 388 438 484 537 547 634 713 723 900; 6 1 10 4 13 4 9 6 6 7 7 5 7 4 6 6 6 2
421.9; 8.06333335895175; True; 1 20 30 112 156 163 329 388 438 484 547 634 713 723 885 900; 7 1 11 4 13 4 10 6 6 7 7 5 6 4 6 6 6 2
426.9; 8.064832219738573; True; 1 20 30 112 163 173 388 438 455 484 547 634 713 723 885 900; 7 1 11 5 13 4 9 6 5 7 5 5 7 5 6 5 7 2
426.9; 8.077731179652393; True; 1 20 30 112 156 163 173 388 438 484 547 634 713 723 885 900; 7 1 11 4 14 4 10 7 5 7 6 6 7 4 6 5 7 2
430.7; 8.080987046910888; True; 1 20 30 112 156 163 388 438 484 547 612 634 713 723 885 900; 7 1 10 4 14 4 9 6 5 7 6 6 7 4 7 5 7 2
430.9; 8.103119253545714; True; 1 20 30 112 156 163 173 388 438 455 484 547 634 713 723 900; 6 1 10 5 13 5 9 6 6 7 6 5 7 5 5 5 6 2
435.3; 8.11092624226642; True; 1 20 30 112 156 163 173 388 438 455 547 634 713 723 885 900; 6 1 10 4 13 5 10 7 6 6 6 6 6 5 6 5 6 2
437; 8.134814370320461; True; 1 20 30 112 156 163 388 438 455 484 547 634 713 723 885 900; 6 1 10 5 13 5 9 6 6 7 6 5 6 5 6 5 6 2
440.3; 8.138302698166282; True; 1 20 25 112 163 187 260 329 388 438 484 547 612 634 713 723 900; 6 1 11 5 13 3 10 6 6 7 7 5 8 5 5 6 7 2
450.3; 8.138933940256925; True; 1 20 25 112 163 187 329 388 438 455 484 547 612 634 713 723 900; 6 1 10 6 13 4 9 5 7 7 6 4 7 6 5 6 6 2
450.7; 8.174641192660449; True; 1 20 25 42 112 163 187 329 388 438 483 484 547 634 713 723 900; 5 1 10 5 14 4 9 6 6 7 7 5 7 5 6 6 6 2
451.2; 8.203848463746235; True; 1 20 25 112 156 163 187 329 388 438 484 547 612 634 713 723 900; 6 1 10 5 14 4 10 6 7 7 7 5 7 5 5 6 6 2
455.5; 8.207903530386051; True; 1 20 112 156 163 329 388 438 484 537 547 612 634 636 713 723 900; 6 1 9 5 14 4 8 6 6 6 7 6 8 4 6 6 7 2
458.8; 8.220369632451394; True; 1 20 30 112 156 163 173 329 388 438 484 547 634 636 713 723 900; 7 1 11 5 14 4 10 6 6 7 8 5 8 4 5 6 7 2
459.9; 8.245018870737754; True; 1 20 25 112 156 163 260 329 388 484 537 547 612 634 713 723 900; 5 1 10 5 13 4 10 7 6 6 6 7 8 4 6 6 7 2
463.1; 8.263636068588108; True; 1 20 25 112 156 163 260 329 388 438 484 547 612 634 713 723 900; 6 1 11 5 13 4 10 7 6 7 7 6 8 4 5 6 7 2
469.8; 8.268811903739781; True; 1 20 30 112 163 260 329 388 438 455 484 547 612 634 713 723 900; 7 1 11 5 12 4 9 5 6 7 7 5 8 5 6 6 7 2
470.2; 8.278982116865443; True; 1 20 112 156 163 260 329 388 438 455 484 547 612 634 713 723 900; 6 1 10 5 12 5 9 6 7 6 7 6 7 5 5 6 6 2
470.9; 8.279210512601395; True; 1 20 30 112 163 173 329 388 438 455 484 547 634 713 723 885 900; 8 1 12 5 13 4 10 6 6 7 6 5 7 5 6 6 7 2
472.6; 8.284205067701794; True; 1 20 30 112 156 163 260 329 388 484 547 612 634 713 723 765 900; 6 1 10 5 13 4 10 6 6 7 7 6 8 4 6 6 7 2
473.7; 8.287801729930226; True; 1 20 25 112 156 163 329 388 438 484 547 612 634 713 723 885 900; 7 1 11 5 14 4 10 7 6 7 6 6 7 4 6 6 7 2
474; 8.303412070596742; True; 1 20 30 112 156 163 173 329 388 438 455 484 547 634 713 723 900; 7 1 11 5 13 5 10 6 7 7 7 5 7 5 5 6 6 2
476.6; 8.307496037913213; True; 1 20 30 112 156 163 329 388 438 455 484 547 612 634 713 723 900; 7 1 10 5 13 5 9 5 7 7 7 5 7 5 6 6 6 2
478.6; 8.310480891462674; True; 1 20 30 112 156 163 260 329 388 438 455 484 547 634 713 723 900; 6 1 11 5 12 5 10 6 7 7 8 5 7 5 5 6 6 2
481; 8.33505651943909; True; 1 20 30 112 156 163 329 388 438 455 484 547 634 713 723 885 900; 7 1 11 5 13 5 10 6 7 7 7 5 6 5 6 6 6 2
488; 8.361350024352266; True; 1 20 30 112 156 163 173 388 438 455 484 547 634 713 723 885 900; 7 1 11 5 14 5 10 7 6 7 6 6 7 5 6 5 7 2
491.8; 8.364550995353971; True; 1 20 30 112 156 163 388 438 455 484 547 612 634 713 723 885 900; 7 1 10 5 14 5 9 6 6 7 6 6 7 5 7 5 7 2
493.7; 8.376941757146758; True; 1 20 30 112 156 163 260 388 438 455 484 547 634 713 723 885 900; 6 1 11 5 13 5 10 7 6 7 7 6 7 5 6 5 7 2
502.1; 8.393926006585836; True; 1 20 25 112 163 187 260 329 388 484 537 547 612 634 713 723 769 900; 5 1 10 6 13 4 10 6 6 7 6 6 8 6 6 6 7 2
506.7; 8.397244581010387; True; 1 20 30 112 156 163 329 388 438 484 547 634 713 723 874 885 900; 7 1 11 5 13 5 10 6 6 8 7 5 7 5 6 6 7 2
506.8; 8.404662700873722; True; 1 20 112 156 163 187 260 329 388 438 484 537 547 634 713 723 765 900; 5 1 10 5 14 4 10 8 7 7 8 6 8 5 5 6 7 2
508.9; 8.406028944963616; True; 1 20 112 156 163 260 329 388 438 484 547 612 634 636 713 723 765 900; 6 1 10 6 14 4 9 7 6 7 8 6 9 4 5 6 8 2
510.1; 8.417803722639881; True; 1 20 30 112 156 163 187 329 388 438 484 547 634 636 713 723 885 900; 7 1 11 5 15 4 11 6 7 7 9 5 7 5 6 6 7 2
510.3; 8.417969642214738; True; 1 20 112 156 163 329 388 438 484 537 547 612 634 636 713 723 765 900; 6 1 9 6 15 4 8 7 6 7 7 6 9 4 6 6 8 2
513.2; 8.436321700139734; True; 1 20 25 112 156 163 260 329 388 413 438 484 547 612 634 713 723 900; 6 1 11 6 13 5 10 7 6 8 7 6 8 4 5 6 7 2
513.9; 8.436798510231803; True; 1 20 112 156 163 260 329 388 413 438 484 537 547 612 634 713 723 900; 6 1 10 5 13 5 9 7 6 7 7 7 8 4 6 6 7 2
516.6; 8.441380884916512; True; 1 20 30 112 156 163 260 329 388 438 484 547 612 634 636 713 723 900; 7 1 11 5 14 4 10 6 6 7 9 6 9 4 6 6 8 2
516.8; 8.457427692946485; True; 1 20 112 156 163 260 329 388 438 484 537 547 612 634 713 723 765 900; 6 1 10 5 14 4 9 8 6 7 7 7 9 4 6 6 8 2
518.7; 8.459543258280412; True; 1 20 30 112 156 163 173 329 388 438 484 547 634 636 713 723 885 900; 8 1 12 5 15 4 11 7 6 7 8 6 8 4 6 6 8 2
521.9; 8.46314613672635; True; 1 20 30 112 156 163 260 329 388 413 438 484 547 612 634 713 723 900; 7 1 11 5 13 5 10 6 6 8 8 6 8 4 6 6 7 2
522.3; 8.466571072386355; True; 1 20 30 112 156 163 329 388 438 484 547 612 634 636 713 723 885 900; 8 1 11 5 15 4 10 6 6 7 8 6 8 4 7 6 8 2
522.6; 8.46996920949996; True; 1 20 25 112 156 163 260 329 388 455 484 547 612 634 713 723 781 900; 6 1 11 6 13 5 11 7 7 6 7 6 8 5 5 6 7 2
522.8; 8.490099005063305; True; 1 20 25 42 112 163 260 329 388 438 455 484 547 612 634 713 723 900; 6 1 11 6 13 5 9 6 6 7 7 6 8 5 6 6 7 2
526.8; 8.50947135210255; True; 1 20 112 156 163 260 329 388 438 455 484 537 547 612 634 713 723 900; 6 1 10 5 13 5 9 7 7 6 7 7 8 5 6 6 7 2
529.7; 8.514016180400649; True; 1 20 30 112 156 163 329 388 438 455 484 547 634 636 713 723 885 900; 7 1 11 6 14 5 10 6 7 7 8 5 7 5 6 6 7 2
532.6; 8.516006230386047; True; 1 20 25 112 156 163 329 388 438 484 537 547 612 634 713 723 769 900; 6 1 10 6 14 5 9 7 6 8 6 6 8 5 6 6 7 2
534.9; 8.550472957106564; True; 1 20 30 112 156 163 173 329 388 438 455 484 547 634 713 723 885 900; 8 1 12 5 14 5 11 7 7 7 7 6 7 5 6 6 7 2
538.6; 8.557507201905658; True; 1 20 30 112 156 163 329 388 438 455 484 547 612 634 713 723 885 900; 8 1 11 5 14 5 10 6 7 7 7 6 7 5 7 6 7 2
540.5; 8.564902672529206; True; 1 20 30 112 156 163 260 329 388 438 455 484 547 634 713 723 885 900; 7 1 12 5 13 5 11 7 7 7 8 6 7 5 6 6 7 2
545.9; 8.573567773039219; True; 1 20 30 112 156 163 329 388 438 455 483 484 547 634 713 723 885 900; 7 1 11 5 14 5 10 7 7 7 7 6 7 5 7 6 7 2
550.1; 8.578639209968072; True; 1 20 30 112 156 163 260 388 438 455 484 547 612 634 713 723 885 900; 7 1 11 5 14 5 10 7 6 7 7 7 8 5 7 5 8 2
557.6; 8.5792117802315; True; 1 20 30 112 156 163 260 388 438 455 483 484 547 634 713 723 885 900; 6 1 11 5 14 5 10 8 6 7 7 7 8 5 7 5 8 2
561.5; 8.596707029681447; True; 1 20 30 112 156 163 173 329 388 438 484 547 634 713 723 874 885 900; 8 1 12 5 14 5 11 7 6 8 7 6 8 5 6 6 8 2
566.1; 8.603793704136963; True; 1 20 30 112 156 163 329 388 438 484 547 612 634 713 723 874 885 900; 8 1 11 5 14 5 10 6 6 8 7 6 8 5 7 6 8 2
568.2; 8.611192060868435; True; 1 20 30 112 156 163 260 329 388 438 484 547 634 713 723 874 885 900; 7 1 12 5 13 5 11 7 6 8 8 6 8 5 6 6 8 2
570.1; 8.618361931109877; True; 1 20 30 112 156 163 173 329 388 438 455 547 634 713 723 874 885 900; 7 1 11 5 13 6 11 7 7 7 7 6 7 6 6 6 7 2
570.3; 8.636888906983799; True; 1 20 30 112 156 163 173 329 388 438 484 547 634 636 688 713 723 885 900; 8 1 12 5 16 5 11 7 6 7 8 6 8 5 6 7 8 2
574.7; 8.65243974758942; True; 1 20 25 112 156 163 260 329 388 455 483 484 547 612 634 636 713 723 900; 5 1 10 7 14 5 10 7 7 6 7 7 9 5 6 6 8 2
574.8; 8.662663409574037; True; 1 20 25 112 156 163 260 329 388 438 455 484 547 612 634 636 713 723 900; 6 1 11 7 14 5 10 7 7 7 8 6 9 5 5 6 8 2
581.5; 8.673481697073347; True; 1 20 112 156 163 173 329 388 438 455 484 547 612 634 636 713 723 885 900; 8 1 11 6 15 5 10 7 7 6 7 7 8 5 6 6 8 2
581.6; 8.674861140737812; True; 1 20 30 112 156 163 187 329 388 438 484 547 612 634 713 723 765 885 900; 8 1 11 5 16 4 11 7 7 8 8 6 8 5 7 6 8 2
581.7; 8.678518379040113; True; 1 20 25 112 156 163 260 329 388 484 537 547 612 634 713 723 765 769 900; 5 1 10 7 14 5 10 8 6 8 6 7 9 5 6 6 8 2
584.8; 8.687885524848706; True; 1 20 112 156 163 260 329 388 438 455 484 547 612 634 636 713 723 885 900; 7 1 11 6 14 5 10 7 7 6 8 7 8 5 6 6 8 2
585.5; 8.711385379098452; True; 1 20 112 156 163 260 329 388 438 455 484 537 547 612 634 713 723 765 900; 6 1 10 6 14 5 9 8 7 7 7 7 9 5 6 6 8 2
594.6; 8.719082573901487; True; 1 20 25 112 156 163 260 329 388 455 484 547 612 634 713 723 765 885 900; 6 1 11 7 14 5 11 8 7 7 6 7 8 5 6 6 8 2
595.3; 8.731346975545955; True; 1 20 30 112 156 163 173 329 388 438 455 484 547 612 634 713 723 765 900; 8 1 11 6 15 5 10 7 7 8 7 6 9 5 6 6 8 2
595.6; 8.74577721788976; True; 1 20 30 112 156 163 260 329 388 438 455 484 547 612 634 713 723 765 900; 7 1 11 6 14 5 10 7 7 8 8 6 9 5 6 6 8 2
599.7; 8.759214431234245; True; 1 20 30 112 156 163 260 329 388 438 455 484 547 612 634 713 723 885 900; 8 1 12 5 14 5 11 7 7 7 8 7 8 5 7 6 8 2
603.3; 8.76477371691104; True; 1 20 30 112 156 163 329 388 438 455 484 547 612 634 713 723 765 885 900; 8 1 11 6 15 5 10 7 7 8 7 6 8 5 7 6 8 2
611.3; 8.76767522402796; True; 1 20 30 112 156 163 329 388 438 455 484 547 612 634 713 723 769 885 900; 8 1 11 6 14 6 10 6 7 8 7 6 7 6 7 6 7 2
616.9; 8.776773802412107; True; 1 20 30 67 112 156 163 260 388 438 455 484 547 612 634 713 723 885 900; 7 1 11 5 14 6 10 7 6 8 7 7 8 6 7 6 8 2
624.2; 8.780461332861718; True; 1 20 25 30 112 156 163 260 329 388 438 484 547 612 634 713 723 874 900; 7 1 12 6 14 5 11 7 6 9 8 6 10 5 6 6 9 2
626.2; 8.790918195214578; True; 1 20 30 112 156 163 173 329 388 438 455 484 547 612 634 713 723 874 900; 8 1 11 6 14 6 10 6 7 8 7 6 9 6 6 6 8 2
629.3; 8.79386020134267; True; 1 20 30 112 156 163 260 329 388 438 484 547 612 634 713 723 874 885 900; 8 1 12 5 14 5 11 7 6 8 8 7 9 5 7 6 9 2
631.8; 8.800304577556199; True; 1 20 112 156 163 260 329 388 438 455 484 547 612 634 713 723 874 885 900; 7 1 11 6 13 6 10 7 7 7 7 7 8 6 6 6 8 2
632.1; 8.808143425761491; True; 1 20 30 112 156 163 260 329 388 413 438 484 537 547 612 634 636 713 723 900; 7 1 11 6 15 5 10 7 6 8 9 7 10 4 7 6 9 2
634.2; 8.824256037629683; True; 1 20 30 112 156 163 329 388 438 455 484 547 612 634 713 723 874 885 900; 8 1 11 6 14 6 10 6 7 8 7 6 8 6 7 6 8 2
635.5; 8.825945143203848; True; 1 20 25 112 156 163 240 260 329 388 483 484 547 612 634 713 723 765 769 900; 5 1 10 7 15 5 11 8 7 8 7 7 9 5 6 7 8 2
636.2; 8.831613855309099; True; 1 20 30 112 156 163 260 329 388 438 455 484 547 634 713 723 874 885 900; 7 1 12 6 13 6 11 7 7 8 8 6 8 6 6 6 8 2
638; 8.847572659142113; True; 1 20 25 112 156 163 187 329 388 438 483 484 547 612 634 713 723 765 769 900; 6 1 10 7 16 5 10 8 7 9 7 6 9 6 6 6 8 2
649.6; 8.869642344651595; True; 1 20 112 156 163 260 329 388 438 455 483 484 547 612 634 636 713 723 885 900; 7 1 11 6 15 5 10 8 7 6 8 8 9 5 7 6 9 2
653.6; 8.88320703335239; True; 1 20 112 156 163 260 329 388 413 438 455 484 537 547 612 634 713 723 885 900; 7 1 11 6 14 6 10 8 7 7 7 8 8 5 7 6 8 2
657.1; 8.931966114728173; True; 1 20 30 112 156 163 260 329 388 438 455 484 537 547 612 634 713 723 765 900; 7 1 11 6 15 5 10 8 7 8 8 7 10 5 7 6 9 2
672.9; 8.948950610245548; True; 1 20 25 30 112 156 163 260 329 388 438 455 484 537 547 634 713 723 769 900; 6 1 12 7 14 6 11 8 7 9 8 6 9 6 6 6 8 2
676.5; 8.969415912353982; True; 1 20 30 112 156 163 260 329 388 438 455 484 547 612 634 713 723 769 885 900; 8 1 12 6 14 6 11 7 7 8 8 7 8 6 7 6 8 2
697.4; 8.974465635737243; True; 1 20 30 112 156 163 260 329 388 438 455 484 500 547 612 634 713 723 765 900; 7 1 12 6 15 5 11 8 8 8 9 7 9 6 6 6 8 2
698; 8.99638031323341; True; 1 20 30 112 156 163 173 260 329 388 438 455 484 547 634 713 723 874 885 900; 8 1 13 6 14 6 12 8 7 8 8 7 9 6 6 6 9 2
707.9; 9.003029470553617; True; 1 20 30 112 156 163 260 329 388 455 483 484 547 612 634 713 723 874 885 900; 7 1 11 6 14 6 11 7 7 7 7 8 9 6 8 6 9 2
712.3; 9.003460532109507; True; 1 20 30 112 127 156 163 260 388 438 455 484 547 612 634 713 723 874 885 900; 7 1 12 6 15 6 10 8 7 8 8 7 9 7 7 5 9 2
714; 9.009450895798693; True; 1 20 30 112 156 163 260 329 388 438 455 537 547 634 713 723 765 874 885 900; 6 1 11 6 14 6 11 9 7 8 8 7 9 6 7 6 9 2
714.3; 9.016197353512439; True; 1 20 112 156 163 260 306 329 388 438 484 537 547 612 634 636 713 723 765 817 900; 6 1 10 7 16 5 10 8 6 8 8 7 10 5 6 6 9 3
720.8; 9.019946681678842; True; 1 20 112 156 163 260 306 329 388 413 438 455 483 484 547 634 636 713 723 885 900; 6 1 11 7 14 6 11 8 7 7 8 7 8 5 6 6 8 3
722.7; 9.062205808819712; True; 1 20 25 30 112 156 163 260 329 388 438 484 547 612 634 636 713 723 769 885 900; 8 1 13 7 16 5 12 8 6 9 9 7 10 5 7 6 10 2
725.1; 9.066325925362039; True; 1 20 30 112 156 163 173 306 329 388 438 455 484 547 634 636 713 723 765 885 900; 8 1 12 7 16 5 12 8 7 8 8 6 9 5 6 6 9 3
733.8; 9.085647288296856; True; 1 20 30 112 156 163 260 306 329 388 438 483 484 537 547 612 634 713 723 769 900; 7 1 11 5 15 5 11 8 6 8 8 8 10 5 8 6 9 3
733.9; 9.089551882886454; True; 1 20 112 156 163 260 306 329 388 438 455 484 537 547 612 634 713 723 765 769 900; 6 1 10 7 14 6 10 8 7 8 7 7 9 6 6 6 8 3
735.9; 9.104487111312395; True; 1 20 30 112 156 163 173 306 329 388 438 455 484 547 612 634 713 723 765 885 900; 9 1 12 6 16 5 12 8 7 8 7 7 9 5 7 6 9 3
742.3; 9.126131407261985; True; 1 20 30 112 156 163 260 306 329 388 438 455 484 537 547 634 713 723 765 885 900; 7 1 12 6 15 5 12 9 7 8 8 7 9 5 7 6 9 3
742.8; 9.137670537236755; True; 1 20 30 112 156 163 260 306 329 388 438 455 484 537 547 612 634 713 723 769 900; 7 1 11 6 14 6 11 7 7 8 8 7 9 6 7 6 8 3
778.9; 9.182699903336042; True; 1 20 25 30 112 156 163 260 329 388 438 455 537 547 612 634 713 723 874 885 900; 7 1 12 6 15 6 12 9 7 8 8 8 10 6 8 6 10 2
794.4; 9.200303182981585; True; 1 20 112 156 163 173 240 306 329 388 438 484 537 547 612 634 713 723 765 769 885 900; 8 1 11 6 17 5 12 9 7 8 7 8 9 5 7 7 9 3
803.7; 9.224014811372864; True; 1 20 112 156 163 173 240 306 329 388 438 455 484 547 612 634 713 723 765 769 885 900; 8 1 11 7 16 6 12 8 8 8 7 7 8 6 6 7 8 3
816.2; 9.287577809078705; True; 1 20 30 112 156 163 173 306 329 388 438 455 484 537 547 612 634 713 723 765 769 900; 8 1 11 7 16 6 11 8 7 9 7 7 10 6 7 6 9 3
839.3; 9.294466226161592; True; 1 20 30 112 156 163 306 329 388 438 484 537 547 612 634 713 723 765 769 817 885 900; 8 1 11 7 17 6 11 8 6 10 7 7 9 6 8 6 9 3
839.3; 9.305566313515303; True; 1 20 30 112 156 163 260 306 329 388 438 455 484 537 547 612 634 723 769 817 885 900; 8 1 12 6 15 6 11 8 7 9 8 8 9 6 7 6 9 3
855.5; 9.312811826212087; True; 1 20 30 112 156 163 173 260 306 329 388 438 455 537 547 612 634 713 723 874 885 900; 8 1 12 5 15 6 13 9 7 7 8 9 10 6 8 6 10 3
856.7; 9.313234291694725; True; 1 20 30 112 156 163 260 306 329 388 438 455 484 547 612 634 713 723 780 817 885 900; 8 1 12 6 16 6 12 7 7 8 9 7 8 7 8 7 8 3
863.3; 9.32221929473392; True; 1 20 30 112 156 163 260 306 329 388 438 455 483 537 547 612 634 713 723 874 885 900; 7 1 11 5 15 6 12 9 7 7 8 9 10 6 9 6 10 3
863.3; 9.339848783037636; True; 1 20 30 112 156 163 173 260 306 329 388 455 484 547 612 634 713 723 769 874 885 900; 8 1 12 7 14 7 13 7 7 8 7 8 9 7 7 6 9 3
865.6; 9.350829273582967; True; 1 20 25 30 112 156 163 260 329 388 438 455 483 484 547 634 684 713 723 874 885 900; 7 1 13 7 15 6 12 9 7 9 9 7 10 7 8 7 10 2
877.6; 9.366236123718293; True; 1 20 30 112 156 163 260 306 329 388 438 455 484 537 547 634 713 723 780 874 885 900; 7 1 12 6 15 6 12 8 7 8 9 7 9 7 8 7 9 3
904.7; 9.37254380075907; True; 1 20 30 112 156 163 260 306 329 388 438 484 547 634 636 688 713 723 765 867 874 885 900; 8 1 13 7 17 6 13 8 6 9 10 6 10 7 6 8 10 3
904.8; 9.406369835469267; True; 1 20 30 112 156 163 259 260 306 329 388 438 455 537 547 612 634 713 723 765 769 885 900; 8 1 12 6 16 6 13 9 7 8 8 9 9 6 8 6 10 3
919.3; 9.415307292225567; True; 1 20 25 112 156 163 306 329 388 455 484 537 547 612 634 636 713 723 769 781 874 885 900; 7 1 11 9 16 7 12 8 7 8 7 7 10 7 7 6 10 3
921.2; 9.434728541779757; True; 1 20 42 112 156 163 240 260 306 329 388 438 455 484 537 547 612 713 723 765 874 885 900; 7 1 11 7 16 7 11 9 8 8 8 8 10 6 7 6 10 3
922.8; 9.477121254719663; True; 1 20 30 112 156 163 173 260 306 329 388 438 455 484 537 547 612 634 713 723 874 885 900; 9 1 13 6 16 6 13 9 7 8 8 9 11 6 8 6 11 3
959.4; 9.493876110852822; True; 1 20 30 112 156 163 306 329 388 438 483 484 537 547 612 634 713 723 769 780 874 885 900; 8 1 11 6 17 6 11 8 6 9 8 8 10 7 10 7 10 3
972.6; 9.503518312724074; True; 1 20 30 112 156 163 260 306 329 388 438 455 484 537 547 612 634 713 723 769 780 874 885; 8 1 12 6 16 6 12 8 7 8 9 8 10 8 9 6 10 3
989.5; 9.524006445557372; True; 1 20 112 156 163 260 306 329 388 395 413 455 484 537 547 612 634 636 713 723 765 874 885 900; 7 1 11 9 16 7 12 9 7 8 7 8 11 6 8 6 11 3
995.3; 9.591732238951836; True; 1 20 30 112 113 156 163 260 306 329 388 438 455 484 537 547 612 634 713 723 769 817 885 900; 8 1 13 7 17 7 12 8 7 10 9 8 10 7 8 6 10 3
1048; 9.598024072334189; True; 1 20 30 112 156 163 260 306 329 388 455 483 484 537 547 575 634 694 713 723 769 874 885 900; 7 1 12 8 15 8 13 9 7 8 7 8 9 7 9 7 10 3
1050; 9.615739688619154; True; 1 20 30 112 156 163 260 306 329 388 455 484 537 547 612 634 694 713 723 769 867 874 885 900; 8 1 12 8 15 8 13 7 7 8 8 8 9 8 8 8 9 3
1074; 9.66162340922923; True; 1 20 30 112 156 163 259 260 267 306 329 388 438 484 537 547 612 634 713 723 765 769 817 885 900; 9 1 13 7 18 7 13 9 7 10 8 9 10 7 8 6 11 3
1103; 9.661812685537262; True; 1 20 30 45 112 156 163 173 260 306 329 388 438 455 483 537 547 612 634 713 723 765 874 885 900; 9 1 13 6 18 6 13 11 7 9 8 10 13 6 9 6 12 3
1110; 9.68421679513888; True; 1 20 30 112 156 163 173 260 329 388 438 483 484 537 547 612 634 713 723 765 769 780 874 885 900; 9 1 13 7 19 6 12 11 6 10 9 10 13 7 10 7 13 2
1121; 9.76282855318909; True; 1 20 30 112 156 163 260 306 329 388 438 483 484 537 547 612 634 713 723 765 769 780 874 885 900; 8 1 12 7 18 6 12 10 6 10 9 9 12 7 10 7 12 3
1166; 9.790355546414386; True; 1 20 30 112 156 163 260 306 329 388 438 455 484 537 547 612 634 713 723 750 769 780 874 885 900; 8 1 13 7 16 7 13 8 8 9 10 8 10 8 9 8 10 3
1202; 9.79733680077535; True; 1 20 30 112 156 163 173 260 306 329 388 438 455 484 537 540 547 612 634 713 723 769 780 874 885 900; 9 1 13 7 18 7 13 9 7 9 9 9 11 8 9 7 11 3
1219; 9.81003078640584; True; 1 20 30 112 156 163 260 306 329 388 455 483 484 537 547 612 634 694 723 741 765 769 867 874 885 900; 8 1 12 8 17 8 12 9 7 9 8 9 11 7 8 9 11 3
1225; 9.821120323776825; True; 1 20 30 112 156 163 173 306 329 388 438 455 484 513 547 612 634 691 713 723 765 769 780 874 885 900; 10 1 13 8 18 7 12 9 8 10 8 7 10 9 9 7 11 3
1238; 9.82795052830263; True; 1 20 30 112 156 163 173 306 329 388 455 484 537 547 575 634 691 713 723 765 769 780 867 874 885 900; 10 1 14 8 19 7 14 10 7 9 8 7 9 9 10 8 11 3
1327; 9.880699289218702; True; 1 20 30 112 150 156 163 173 306 329 388 455 483 500 547 612 634 713 723 765 769 781 850 874 885 900; 9 1 12 7 17 9 15 10 10 8 8 9 10 10 9 6 10 3
1408; 9.893095666096228; True; 1 20 30 112 156 163 260 306 329 332 388 413 438 484 505 547 612 634 684 713 723 726 817 850 874 885 900; 10 1 14 7 18 9 15 8 8 10 10 8 10 9 9 7 10 3
1435; 9.915716337945994; True; 1 20 30 112 163 240 256 260 306 329 388 438 455 484 500 537 547 575 634 683 694 713 723 786 817 874 885 900; 8 1 15 8 19 7 15 9 8 10 10 7 9 9 8 11 11 3
1491; 9.964872208637775; True; 1 20 30 112 156 163 260 272 306 388 455 483 484 500 547 612 634 694 713 723 761 769 780 850 874 885 900; 7 1 11 8 17 10 13 8 9 8 9 9 9 10 11 8 9 3
1539; 9.967547976218862; True; 1 20 30 112 163 240 256 260 306 329 388 438 455 484 500 537 547 575 634 683 694 712 713 723 786 817 874 885 900; 8 1 16 8 20 7 15 9 8 10 10 7 10 9 8 12 12 3
1601; 10.019116290447073; True; 1 20 30 112 156 163 260 272 306 353 388 455 483 484 500 547 612 634 694 713 723 761 769 780 850 874 885 900; 8 1 12 8 18 10 13 9 9 8 9 9 9 10 11 8 9 3
1734; 10.095866453478543; True; 1 20 30 156 163 260 272 287 306 353 388 438 455 483 484 500 547 612 634 694 713 723 765 780 786 850 874 885 900; 9 1 12 8 20 9 14 11 8 9 10 9 11 8 11 8 11 3
2.839e+04; 10.09760432887441; True; 1 20 25 30 112 156 163 260 306 329 388 455 483 484 500 537 547 634 636 682 713 723 769 850 865 885 900 903; 8 1 15 10 19 7 16 12 9 9 9 9 10 8 9 6 10 4
2.839e+04; 10.186391215695494; True; 1 20 25 30 112 156 163 260 306 329 388 438 455 483 500 537 547 634 636 682 713 723 769 780 850 885 900 903; 8 1 15 8 19 7 16 13 9 9 11 9 10 9 10 7 10 4
2.841e+04; 10.20139712432045; True; 1 20 30 112 156 163 260 329 388 438 455 484 500 537 547 634 636 682 713 723 765 769 780 850 874 885 900 903; 9 1 15 10 19 8 14 12 9 11 11 8 11 10 9 7 11 3
2.951e+04; 10.29556709996248; True; 1 20 25 30 112 156 163 260 329 388 438 455 484 500 537 547 634 636 682 713 723 765 769 780 850 874 885 900 903; 9 1 16 11 20 8 15 13 9 12 11 8 12 10 9 7 12 3
