M: 20
Instance: 1
Algorithm: NSGA-II
Iteration: 1000
Population Size: 1000
Running Time:  1.263e+05 seconds
Required Skills:  0 1 2 4 5 7 9 10 11 12 13 14 15 16 18 20 22 23 24 26 
Distance; Skill Score; isValid; Team; Skill Counts
33.53; -0.3748934245965323; True; 174 307 389 727 906; 2 1 3 1 2 1 3 1 1 2 1 1 1 1 1 1 1 2 1 1
34.28; 0.5207454715194828; True; 164 389 502 785 879; 1 1 3 1 3 1 2 2 1 2 1 2 1 2 3 1 1 1 2 1
38.53; 0.845160077651947; True; 1 164 389 507 727; 2 1 4 1 4 1 3 1 1 2 1 2 1 3 2 1 1 1 3 1
39.2; 0.9785000693114583; True; 30 164 389 502 906; 2 1 4 1 3 1 3 2 1 3 1 2 1 2 1 2 1 1 2 1
40.36; 1.0663259253620367; True; 1 30 113 164 389; 2 1 5 1 4 1 2 2 1 4 2 1 1 3 1 1 1 1 3 1
41.03; 1.2526103405673723; True; 164 389 502 727 879; 2 1 4 1 3 1 3 2 2 2 1 2 1 2 3 1 1 1 2 1
44.99; 1.7570922201189312; True; 30 100 164 389 594 890; 3 1 4 1 4 1 4 3 1 3 1 1 1 2 2 2 2 1 3 1
48.02; 2.001300933020417; True; 164 389 502 507 785 879; 1 1 3 1 4 2 3 2 1 2 2 3 1 3 4 2 1 1 3 1
50.86; 2.342027688087473; True; 30 164 389 549 594 890; 3 1 4 1 4 1 4 3 1 3 1 2 1 3 2 2 3 1 3 1
54.05; 2.3465485585484736; True; 30 164 389 549 890 906; 3 1 4 1 4 1 4 3 1 3 1 2 1 3 1 2 3 2 3 1
54.75; 2.6864575104691113; True; 164 389 502 507 727 879; 2 1 4 1 4 2 4 2 2 2 2 3 1 3 4 2 1 1 3 1
57.91; 2.813380806733857; True; 30 164 389 549 879 890; 3 1 4 1 4 1 4 3 1 3 2 2 1 4 2 2 3 1 4 1
61.05; 2.821448019017531; True; 1 30 113 164 389 549; 2 1 5 1 5 1 3 3 2 4 2 2 1 4 2 1 2 2 3 1
62.54; 3.0136796972911917; True; 30 164 389 502 549 879; 2 1 4 1 4 1 4 3 2 3 2 3 1 4 3 2 2 1 3 1
64.64; 3.0145205387579246; True; 30 164 353 389 549 594 890; 4 1 5 1 5 1 4 3 1 3 2 2 1 3 2 3 3 1 4 1
65.76; 3.0281644194244706; True; 30 113 164 219 389 502; 3 1 5 1 4 2 3 3 2 3 3 2 1 3 3 2 1 1 3 1
66.39; 3.1089031276673147; True; 30 164 389 531 549 594 890; 4 1 4 1 5 1 4 4 1 3 2 2 1 4 2 2 4 1 4 1
67.65; 3.1592663310934945; True; 30 100 164 389 507 594 890; 3 1 4 1 5 2 5 3 1 3 2 2 1 3 3 3 2 1 4 1
69.39; 3.2595938788859478; True; 30 164 389 431 549 594 890; 4 1 4 1 5 1 4 4 1 3 2 2 1 4 2 3 4 1 4 1
71.61; 3.2913688504515832; True; 30 164 174 389 594 727 890; 5 1 6 1 5 1 5 3 1 3 2 2 2 3 2 2 3 1 4 1
71.91; 3.3332456989619637; True; 20 30 389 531 549 890 906; 3 1 4 1 5 1 4 3 2 3 2 2 2 3 1 2 4 2 3 1
73.19; 3.381656482585786; True; 30 164 174 389 549 594 890; 4 1 5 1 5 1 5 4 1 3 2 2 2 4 2 2 3 1 4 1
73.52; 3.4788549675286617; True; 30 100 164 389 507 879 890; 3 1 4 1 5 2 5 3 1 3 3 2 1 4 3 3 2 1 5 1
73.52; 3.569607967546826; True; 30 164 389 507 549 594 890; 3 1 4 1 5 2 5 3 1 3 2 3 1 4 3 3 3 1 4 1
76.33; 3.6647359685187055; True; 164 219 389 502 507 727 879; 3 1 4 2 4 3 4 2 2 2 3 3 1 4 5 2 1 1 4 1
76.72; 3.6984485380153274; True; 30 164 389 507 549 890 906; 3 1 4 1 5 2 5 3 1 3 2 3 1 4 2 3 3 2 4 1
77.28; 3.700876708376903; True; 164 174 389 502 507 727 879; 3 1 5 1 5 2 5 3 2 2 3 3 2 4 4 2 1 1 4 1
77.59; 3.8621313793130376; True; 30 164 389 507 549 879 890; 3 1 4 1 5 2 5 3 1 3 3 3 1 5 3 3 3 1 5 1
80.13; 3.96623562409858; True; 30 164 389 502 507 727 879; 3 1 5 1 5 2 5 2 2 3 3 4 1 4 4 3 2 1 4 1
80.14; 3.98802356192866; True; 30 164 389 502 507 549 879; 2 1 4 1 5 2 5 3 2 3 3 4 1 5 4 3 2 1 4 1
83.81; 4.004321373782643; True; 1 30 113 164 389 507 727; 3 1 6 1 6 2 4 2 2 4 3 3 1 4 3 2 2 2 4 1
84.09; 4.037426497940624; True; 30 164 389 502 549 879 890; 3 1 5 1 5 1 5 4 2 3 2 3 2 4 3 3 3 1 4 1
85.76; 4.042181594515766; True; 1 30 113 164 389 507 549; 2 1 5 1 6 2 4 3 2 4 3 3 1 5 3 2 2 2 4 1
87.27; 4.161368002234974; True; 30 113 164 389 502 879 890; 3 1 6 1 5 2 4 4 2 4 3 2 2 3 3 3 2 1 4 1
87.58; 4.214048679411942; True; 30 113 164 389 549 879 890; 3 1 5 1 5 2 4 4 2 4 3 2 1 4 3 2 3 2 4 1
90.29; 4.224274014294258; True; 30 113 164 389 502 727 879; 3 1 6 1 5 2 4 3 3 4 3 3 1 3 4 2 2 2 3 1
91.27; 4.238798562713917; True; 30 113 164 389 502 549 879; 2 1 5 1 5 2 4 4 3 4 3 3 1 4 4 2 2 2 3 1
92.61; 4.296665190261532; True; 30 128 164 174 389 727 890 906; 5 1 7 1 6 1 5 4 2 3 3 3 2 3 2 2 3 2 4 1
94.54; 4.344195715871434; True; 1 30 128 164 389 727 890 906; 4 1 7 2 6 1 4 3 2 4 2 3 2 3 2 2 3 2 4 1
96.1; 4.352761191723831; True; 30 100 164 389 507 549 594 890; 3 1 4 1 6 2 6 4 2 3 2 3 1 4 4 3 3 2 4 1
96.16; 4.370328007779511; True; 30 128 164 174 389 549 890 906; 4 1 6 1 6 1 5 5 2 3 3 3 2 4 2 2 3 2 4 1
96.22; 4.37602918172818; True; 30 128 164 174 389 507 727 906; 4 1 6 1 6 2 5 3 2 3 4 4 1 4 3 2 2 2 4 1
97.13; 4.430397591386967; True; 30 164 389 396 507 549 879 890; 4 1 5 1 6 2 6 4 1 3 3 3 1 6 3 4 4 1 6 1
98.91; 4.459090789600586; True; 30 98 164 389 502 507 727 879; 3 1 6 1 6 3 6 3 2 3 3 5 1 4 5 3 2 1 4 1
99.37; 4.564192460626197; True; 1 30 113 164 174 389 638 727; 4 1 7 2 7 1 4 3 2 4 3 3 2 5 2 2 2 2 5 1
100.3; 4.57379958221574; True; 20 30 389 396 507 549 890 906; 3 1 5 1 6 2 6 3 2 3 2 3 2 4 2 4 4 2 4 1
101.3; 4.577261953585815; True; 1 30 164 389 507 549 890 906; 3 1 5 2 6 2 5 3 1 4 2 3 2 5 2 3 3 2 5 1
101.5; 4.585235063365776; True; 30 100 164 389 502 507 879 890; 3 1 5 1 6 2 6 4 2 3 3 3 2 4 4 4 2 1 5 1
102.1; 4.645422269349092; True; 30 100 164 389 507 549 879 890; 3 1 4 1 6 2 6 4 2 3 3 3 1 5 4 3 3 2 5 1
102.2; 4.651084089243012; True; 1 30 113 164 389 638 727 890; 4 1 7 2 7 1 4 3 2 4 2 3 2 4 2 3 3 2 5 1
103.3; 4.7160033436347994; True; 1 30 164 389 507 549 727 890; 4 1 6 1 7 1 6 3 2 3 2 4 2 5 3 3 4 2 5 1
103.9; 4.731508183596025; True; 30 164 174 389 502 507 727 906; 4 1 6 1 6 2 6 3 2 3 3 4 2 4 3 3 2 2 4 1
105.3; 4.760874638052188; True; 1 30 113 164 389 549 890 906; 3 1 6 2 6 2 4 4 2 5 2 2 2 4 2 2 3 3 4 1
105.6; 4.793650717707173; True; 30 164 174 389 502 507 727 879; 4 1 6 1 6 2 6 3 2 3 4 4 2 5 4 3 2 1 5 1
105.6; 4.917820481993697; True; 30 164 389 502 507 549 879 890; 3 1 5 1 6 2 6 4 2 3 3 4 2 5 4 4 3 1 5 1
109.3; 4.971832279924925; True; 1 30 113 164 389 507 727 890; 4 1 7 1 7 2 5 3 2 4 3 3 2 4 3 3 3 2 5 1
110.2; 5.019116290447073; True; 1 30 113 164 389 507 549 890; 3 1 6 1 7 2 5 4 2 4 3 3 2 5 3 3 3 2 5 1
112.2; 5.03462845662532; True; 30 113 164 389 507 549 879 890; 3 1 5 1 6 3 5 4 2 4 4 3 1 5 4 3 3 2 5 1
115.1; 5.049218022670182; True; 1 30 113 164 389 549 879 890; 3 1 6 2 6 2 4 4 2 5 3 2 2 5 3 2 3 2 5 1
115.4; 5.06333335895175; True; 30 164 219 389 502 549 879 890; 4 1 5 2 5 2 5 4 2 3 3 3 2 5 4 3 3 1 5 1
118.7; 5.080987046910888; True; 1 20 30 128 389 396 549 890 906; 3 1 7 2 7 1 5 4 3 4 2 3 3 4 2 3 4 2 4 1
118.7; 5.216693599169755; True; 30 113 164 389 502 549 879 890; 3 1 6 1 6 2 5 5 3 4 3 3 2 4 4 3 3 2 4 1
121.2; 5.227372442289637; True; 1 30 128 164 174 389 507 727 906; 4 1 7 2 7 2 5 3 2 4 4 4 2 5 3 2 2 2 5 1
123.1; 5.253095585849032; True; 30 128 164 174 389 507 727 890 906; 5 1 7 1 7 2 6 4 2 3 4 4 2 4 3 3 3 2 5 1
124; 5.280578370368076; True; 1 20 30 389 431 549 727 890 906; 4 1 6 2 7 1 5 3 3 4 2 3 3 4 2 3 5 3 4 1
124.9; 5.310693312343361; True; 1 20 30 389 396 507 549 890 906; 3 1 6 2 7 2 6 3 2 4 2 3 3 5 2 4 4 2 5 1
125; 5.331427296520744; True; 1 20 30 113 145 389 638 727 890; 3 1 7 2 7 2 4 2 3 4 3 3 3 4 2 3 3 3 5 1
125.8; 5.341038631677522; True; 1 30 113 145 164 389 638 727 890; 4 1 7 2 7 2 4 3 2 4 3 3 2 5 2 3 3 3 6 1
126.1; 5.365113431627577; True; 1 30 128 164 389 507 727 890 906; 4 1 7 2 7 2 5 3 2 4 3 4 2 4 3 3 3 2 5 1
128.1; 5.3688445068258215; True; 1 20 30 113 389 531 549 890 906; 3 1 6 2 7 2 4 4 3 5 3 2 3 4 2 2 4 3 4 1
128.8; 5.412460547429962; True; 1 30 128 164 389 507 549 890 906; 3 1 6 2 7 2 5 4 2 4 3 4 2 5 3 3 3 2 5 1
128.8; 5.417803722639881; True; 30 113 164 174 389 638 727 890 906; 5 1 7 2 7 2 5 4 2 4 3 3 2 4 2 3 3 3 5 1
128.8; 5.423409727733093; True; 1 20 30 113 389 396 549 890 906; 3 1 7 2 7 2 5 4 3 5 2 2 3 4 2 3 4 3 4 1
129.6; 5.426511261364576; True; 1 20 25 30 113 145 389 727 890; 3 1 8 2 7 2 5 3 3 5 4 2 3 4 2 2 3 3 5 1
129.8; 5.441223674242613; True; 20 30 113 174 389 638 727 890 906; 4 1 7 2 7 2 5 3 3 4 3 3 3 3 2 3 3 3 4 1
129.9; 5.477555332198982; True; 1 30 164 174 389 507 549 727 906; 4 1 6 2 7 2 6 3 2 4 3 4 2 6 3 2 3 3 5 1
130; 5.5301996982030825; True; 1 30 164 389 507 549 727 890 906; 4 1 6 2 7 2 6 3 2 4 2 4 2 5 3 3 4 3 5 1
133.9; 5.5920656704322464; True; 1 30 113 164 389 549 727 890 906; 4 1 7 2 7 2 5 4 3 5 2 3 2 4 3 2 4 4 4 1
135.3; 5.608739919068787; True; 30 164 174 389 502 507 727 879 906; 4 1 6 2 6 3 6 3 2 4 4 4 2 5 4 3 2 2 5 1
136; 5.634578022853889; True; 1 30 113 164 389 507 727 890 906; 4 1 7 2 7 3 5 3 2 5 3 3 2 4 3 3 3 3 5 1
137.2; 5.732876041362706; True; 30 164 389 502 507 549 879 890 906; 3 1 5 2 6 3 6 4 2 4 3 4 2 5 4 4 3 2 5 1
137.7; 5.734479789425578; True; 1 30 164 389 507 549 727 879 890; 4 1 6 2 7 2 6 3 2 4 3 4 2 6 4 3 4 2 6 1
140.9; 5.785899028384383; True; 1 30 113 164 389 507 549 727 890; 4 1 7 1 8 2 6 4 3 4 3 4 2 5 4 3 4 3 5 1
143.8; 5.804616416987255; True; 1 30 113 164 389 507 727 879 890; 4 1 7 2 7 3 5 3 2 5 4 3 2 5 4 3 3 2 6 1
144.7; 5.8352465399963105; True; 1 30 113 164 389 507 549 879 890; 3 1 6 2 7 3 5 4 2 5 4 3 2 6 4 3 3 2 6 1
145.2; 5.873727380646679; True; 30 113 164 389 502 507 727 879 890; 4 1 7 1 7 3 6 4 3 4 4 4 2 4 5 4 3 2 5 1
145.2; 5.8939281265426064; True; 30 113 164 389 502 507 549 879 890; 3 1 6 1 7 3 6 5 3 4 4 4 2 5 5 4 3 2 5 1
150.5; 5.897737025345428; True; 1 30 113 145 174 307 389 549 638 727; 3 1 6 2 7 2 5 3 3 4 4 4 2 6 3 3 3 4 5 1
151; 5.955302822761691; True; 1 30 128 164 174 389 507 727 890 906; 5 1 8 2 8 2 6 4 2 4 4 4 3 5 3 3 3 2 6 1
152.6; 5.9607085516885565; True; 1 20 30 113 145 174 389 638 727 890; 4 1 8 2 8 2 5 3 3 4 4 3 4 5 2 3 3 3 6 1
152.6; 5.971183040856161; True; 1 20 30 128 174 389 507 727 890 906; 4 1 8 2 8 2 6 3 3 4 4 4 4 4 3 3 3 2 5 1
153.6; 5.983220214648103; True; 1 20 30 113 174 389 638 727 890 906; 4 1 8 3 8 2 5 3 3 5 3 3 4 4 2 3 3 3 5 1
154.8; 5.9932598314367365; True; 1 20 30 113 128 174 389 727 890 906; 4 1 9 2 8 2 5 4 4 5 4 3 4 3 3 2 3 3 4 1
155; 5.994053063587675; True; 30 113 164 219 389 502 727 879 890; 5 1 7 2 6 3 5 4 3 4 4 3 2 4 5 3 3 2 5 1
155; 6.040602340114074; True; 30 113 164 219 389 502 549 879 890; 4 1 6 2 6 3 5 5 3 4 4 3 2 5 5 3 3 2 5 1
156.1; 6.04493154614916; True; 1 30 113 128 164 174 389 727 890 906; 5 1 9 2 8 2 5 5 3 5 4 3 3 4 3 2 3 3 5 1
157.4; 6.054613054556889; True; 1 20 30 113 145 174 389 549 638 727; 3 1 7 2 8 2 5 3 4 4 4 4 3 6 3 2 3 4 5 1
157.4; 6.077367905284156; True; 1 20 30 113 174 389 549 638 727 906; 3 1 7 3 8 2 5 3 4 5 3 4 3 5 3 2 3 4 4 1
157.5; 6.0916669575956846; True; 1 20 30 389 396 507 549 727 890 906; 4 1 7 2 8 2 7 3 3 4 2 4 3 5 3 4 5 3 5 1
158.7; 6.09968064110925; True; 1 30 113 174 307 389 549 727 890 906; 4 1 7 2 7 2 6 4 3 5 3 3 3 4 3 3 4 4 4 1
158.7; 6.109915863023794; True; 1 20 30 389 507 531 549 727 890 906; 4 1 6 2 8 2 6 3 3 4 3 4 3 5 3 3 5 3 5 1
159.3; 6.153509989300838; True; 1 30 164 174 389 507 549 727 890 906; 5 1 7 2 8 2 7 4 2 4 3 4 3 6 3 3 4 3 6 1
159.4; 6.15836249209525; True; 1 20 30 113 145 389 549 638 727 890; 3 1 7 2 8 2 5 3 4 4 3 4 3 5 3 3 4 4 5 1
160.5; 6.186108379813206; True; 1 20 30 174 389 507 549 727 890 906; 4 1 7 2 8 2 7 3 3 4 3 4 4 5 3 3 4 3 5 1
162.5; 6.210050849875136; True; 1 20 30 389 431 507 549 727 890 906; 4 1 6 2 8 2 6 3 3 4 3 4 3 5 3 4 5 3 5 1
164.3; 6.222716471147583; True; 1 30 113 164 174 389 549 727 890 906; 5 1 8 2 8 2 6 5 3 5 3 3 3 5 3 2 4 4 5 1
165; 6.23401081758718; True; 1 20 25 30 389 507 549 727 890 906; 3 1 7 3 8 2 7 3 3 5 3 4 3 5 3 3 4 3 5 1
165; 6.240049772112648; True; 1 20 25 30 113 145 389 549 727 890; 3 1 8 2 8 2 6 4 4 5 4 3 3 5 3 2 4 4 5 1
165.4; 6.271609301378833; True; 1 20 30 113 389 431 549 727 890 906; 4 1 7 2 8 2 5 4 4 5 3 3 3 4 3 3 5 4 4 1
167.3; 6.279894980011639; True; 1 20 30 113 389 396 507 549 890 906; 3 1 7 2 8 3 6 4 3 5 3 3 3 5 3 4 4 3 5 1
168.3; 6.282848602834644; True; 1 30 113 164 174 389 507 549 638 727; 4 1 7 2 9 2 6 4 3 4 4 5 2 7 4 3 3 3 6 1
168.6; 6.2853322276438846; True; 30 164 174 389 502 507 727 879 890 906; 5 1 7 2 7 3 7 4 2 4 4 4 3 5 4 4 3 2 6 1
169.1; 6.304705898212765; True; 30 164 174 389 507 549 727 879 890 906; 5 1 6 2 7 3 7 4 2 4 4 4 2 6 4 3 4 3 6 1
169.3; 6.34713478291002; True; 1 30 113 164 389 507 549 638 727 890; 4 1 7 2 9 2 6 4 3 4 3 5 2 6 4 4 4 3 6 1
170.5; 6.3979400086720375; True; 1 30 113 164 389 507 549 727 890 906; 4 1 7 2 8 3 6 4 3 5 3 4 2 5 4 3 4 4 5 1
174.6; 6.447158031342219; True; 30 164 389 502 507 549 727 879 890 906; 4 1 6 2 7 3 7 4 3 4 3 5 2 5 5 4 4 3 5 1
176; 6.471438407389298; True; 1 25 30 113 164 389 507 549 727 890; 4 1 8 2 9 2 7 5 3 5 4 4 2 6 4 3 4 3 6 1
178; 6.505149978319906; True; 1 20 25 30 113 389 507 549 727 890; 3 1 8 2 9 2 7 4 4 5 4 4 3 5 4 3 4 3 5 1
179.7; 6.506910725551519; True; 30 113 164 389 502 507 549 879 890 906; 3 1 6 2 7 4 6 5 3 5 4 4 2 5 5 4 3 3 5 1
180.3; 6.574494268285328; True; 1 30 113 164 389 507 549 727 879 890; 4 1 7 2 8 3 6 4 3 5 4 4 2 6 5 3 4 3 6 1
183.5; 6.589614540631267; True; 30 113 164 219 389 502 507 549 879 890; 4 1 6 2 7 4 6 5 3 4 5 4 2 6 6 4 3 2 6 1
186; 6.59692681434297; True; 1 30 113 174 307 389 549 638 727 890 906; 4 1 7 3 8 2 6 4 3 5 3 4 3 5 3 4 4 4 5 1
187.9; 6.605628222007619; True; 1 20 30 113 145 389 486 549 638 727 890; 4 1 8 3 9 2 5 3 4 5 3 4 3 6 3 3 4 4 6 1
188.8; 6.617943434828973; True; 1 20 30 113 145 389 549 638 727 890 906; 3 1 7 3 8 3 5 3 4 5 3 4 3 5 3 3 4 5 5 1
189.7; 6.629103650177136; True; 1 20 30 113 174 389 549 577 638 727 906; 4 1 8 3 9 2 6 4 4 5 3 4 3 5 3 3 4 4 5 1
189.8; 6.651084089243012; True; 1 20 30 174 389 396 507 549 727 890 906; 5 1 8 2 9 2 8 4 3 4 3 4 4 6 3 4 5 3 6 1
190.2; 6.689397662821282; True; 1 30 128 164 174 389 507 549 727 890 906; 5 1 8 2 9 2 7 5 3 4 4 5 3 6 4 3 4 3 6 1
191.8; 6.698187569866123; True; 1 20 30 128 174 389 507 549 727 890 906; 4 1 8 2 9 2 7 4 4 4 4 5 4 5 4 3 4 3 5 1
191.8; 6.706717782336758; True; 1 20 30 113 145 174 389 549 638 727 890; 4 1 8 2 9 2 6 4 4 4 4 4 4 6 3 3 4 4 6 1
191.9; 6.746011107751926; True; 1 20 30 113 174 389 549 638 727 890 906; 4 1 8 3 9 2 6 4 4 5 3 4 4 5 3 3 4 4 5 1
192.4; 6.754577656044731; True; 1 20 25 30 113 145 389 549 638 727 890; 3 1 8 3 9 2 6 4 4 5 4 4 3 6 3 3 4 4 6 1
195.7; 6.768860000842958; True; 1 20 30 113 389 431 549 638 727 890 906; 4 1 7 3 9 2 5 4 4 5 3 4 3 5 3 4 5 4 5 1
198.1; 6.776773802412107; True; 1 20 25 30 113 389 396 549 727 890 906; 4 1 9 3 9 2 7 5 4 6 3 3 3 5 3 3 5 4 5 1
198.8; 6.799891684656865; True; 1 20 30 113 174 389 431 549 727 890 906; 5 1 8 2 9 2 6 5 4 5 4 3 4 5 3 3 5 4 5 1
200.2; 6.805160901599434; True; 1 20 25 30 389 431 507 549 727 890 906; 4 1 7 3 9 2 7 4 3 5 4 4 3 6 3 4 5 3 6 1
201; 6.825231323199899; True; 20 25 30 113 174 389 549 638 727 890 906; 4 1 8 3 9 2 7 5 4 5 4 4 3 5 3 3 4 4 5 1
201.8; 6.834293512442695; True; 1 30 113 164 389 507 549 638 727 890 906; 4 1 7 3 9 3 6 4 3 5 3 5 2 6 4 4 4 4 6 1
202.2; 6.856547644856748; True; 1 20 25 30 113 389 431 549 727 890 906; 4 1 8 3 9 2 6 5 4 6 4 3 3 5 3 3 5 4 5 1
202.7; 6.862310309954271; True; 1 30 113 164 174 389 507 549 638 727 890; 5 1 8 2 10 2 7 5 3 4 4 5 3 7 4 4 4 3 7 1
203.9; 6.9011312513553715; True; 1 20 30 113 389 396 507 549 727 890 906; 4 1 8 2 9 3 7 4 4 5 3 4 3 5 4 4 5 4 5 1
204.8; 6.935658386100634; True; 1 30 113 164 174 389 507 549 727 890 906; 5 1 8 2 9 3 7 5 3 5 4 4 3 6 4 3 4 4 6 1
206; 6.944433317700215; True; 1 20 30 113 174 389 507 549 727 890 906; 4 1 8 2 9 3 7 4 4 5 4 4 4 5 4 3 4 4 5 1
208.9; 6.975661533181059; True; 1 20 30 113 389 431 507 549 727 890 906; 4 1 7 2 9 3 6 4 4 5 4 4 3 5 4 4 5 4 5 1
210.8; 6.986816504585537; True; 30 164 174 389 502 507 549 727 879 890 906; 5 1 7 2 8 3 8 5 3 4 4 5 3 6 5 4 4 3 6 1
212.1; 6.987129767659898; True; 1 30 164 389 502 507 549 727 879 890 906; 4 1 7 3 8 3 7 4 3 5 3 5 3 6 5 4 4 3 6 1
212.5; 6.995371906028163; True; 1 30 113 164 389 396 507 549 727 879 890; 5 1 8 2 9 3 7 5 3 5 4 4 2 7 5 4 5 3 7 1
214.2; 7.021189299069938; True; 1 20 25 30 113 389 431 507 549 727 890; 4 1 8 2 10 2 7 5 4 5 5 4 3 6 4 4 5 3 6 1
215.3; 7.027349607774756; True; 1 30 113 164 389 502 507 549 727 890 906; 4 1 8 2 9 3 7 5 4 5 3 5 3 5 5 4 4 4 5 1
216.5; 7.061829307294699; True; 1 30 113 164 174 389 507 549 727 879 890; 5 1 8 2 9 3 7 5 3 5 5 4 3 7 5 3 4 3 7 1
218.6; 7.0777311796523925; True; 1 20 30 113 389 396 507 549 727 879 890; 4 1 8 2 9 3 7 4 4 5 4 4 3 6 5 4 5 3 6 1
219.7; 7.082066934285113; True; 1 30 113 128 174 307 389 549 638 727 890 906; 4 1 8 3 9 2 6 5 4 5 4 5 3 5 4 4 4 4 5 1
221.1; 7.091315159697222; True; 30 113 164 389 502 507 549 727 879 890 906; 4 1 7 2 8 4 7 5 4 5 4 5 2 5 6 4 4 4 5 1
222.2; 7.102776614883441; True; 1 20 30 113 128 174 389 431 638 727 890 906; 5 1 9 3 10 2 5 5 4 5 5 4 4 5 3 4 4 3 6 1
223.7; 7.124178055474674; True; 1 20 30 113 389 431 507 549 727 879 890; 4 1 7 2 9 3 6 4 4 5 5 4 3 6 5 4 5 3 6 1
224; 7.186673867499746; True; 1 30 113 164 389 502 507 549 727 879 890; 4 1 8 2 9 3 7 5 4 5 4 5 3 6 6 4 4 3 6 1
226.5; 7.197831693328903; True; 1 20 30 113 128 174 389 549 638 727 890 906; 4 1 9 3 10 2 6 5 5 5 4 5 4 5 4 3 4 4 5 1
228; 7.20002926655377; True; 1 30 113 128 164 174 389 549 638 727 890 906; 5 1 9 3 10 2 6 6 4 5 4 5 3 6 4 3 4 4 6 1
228.6; 7.211921084308509; True; 1 20 25 30 113 145 174 389 549 638 727 890; 4 1 9 3 10 2 7 5 4 5 5 4 4 7 3 3 4 4 7 1
230.5; 7.232996110392154; True; 1 20 25 30 113 174 389 549 638 727 890 906; 4 1 9 4 10 2 7 5 4 6 4 4 4 6 3 3 4 4 6 1
231.1; 7.263872676865224; True; 1 20 30 113 174 389 431 549 638 727 890 906; 5 1 8 3 10 2 6 5 4 5 4 4 4 6 3 4 5 4 6 1
234.4; 7.269279389771899; True; 1 20 25 30 113 389 431 549 638 727 890 906; 4 1 8 4 10 2 6 5 4 6 4 4 3 6 3 4 5 4 6 1
236.5; 7.271144317949078; True; 1 20 30 113 157 389 431 549 638 727 890 906; 4 1 7 3 10 3 6 5 5 5 3 5 4 5 3 4 5 4 5 1
237.3; 7.301247088636211; True; 1 20 30 113 389 396 507 531 549 727 890 906; 5 1 8 2 10 3 7 5 4 5 4 4 3 6 4 4 6 4 6 1
238; 7.30984300471607; True; 1 20 30 113 389 396 507 549 638 727 890 906; 4 1 8 3 10 3 7 4 4 5 3 5 3 6 4 5 5 4 6 1
238.1; 7.3494717992143865; True; 1 30 113 164 174 389 507 549 638 727 890 906; 5 1 8 3 10 3 7 5 3 5 4 5 3 7 4 4 4 4 7 1
239.2; 7.380753770803899; True; 1 20 30 113 174 389 507 549 638 727 890 906; 4 1 8 3 10 3 7 4 4 5 4 5 4 6 4 4 4 4 6 1
243.1; 7.384532615494249; True; 1 20 30 113 389 431 507 549 638 727 890 906; 4 1 7 3 10 3 6 4 4 5 4 5 3 6 4 5 5 4 6 1
245.5; 7.3932241163612975; True; 1 20 25 30 113 174 389 507 549 638 727 890; 4 1 9 3 11 2 8 5 4 5 5 5 4 7 4 4 4 3 7 1
245.5; 7.433609843323719; True; 1 20 25 30 113 389 396 507 549 727 890 906; 4 1 9 3 10 3 8 5 4 6 4 4 3 6 4 4 5 4 6 1
246.2; 7.434249452396475; True; 1 20 30 113 174 389 431 507 549 727 890 906; 5 1 8 2 10 3 7 5 4 5 5 4 4 6 4 4 5 4 6 1
247.6; 7.449169732165201; True; 1 20 25 30 113 174 389 507 549 727 890 906; 4 1 9 3 10 3 8 5 4 6 5 4 4 6 4 3 4 4 6 1
250.6; 7.490941205356787; True; 1 20 25 30 113 389 431 507 549 727 890 906; 4 1 8 3 10 3 7 5 4 6 5 4 3 6 4 4 5 4 6 1
255.2; 7.497620649781288; True; 1 20 30 113 389 396 507 549 727 879 890 906; 4 1 8 3 9 4 7 4 4 6 4 4 3 6 5 4 5 4 6 1
256.9; 7.532499586094662; True; 1 20 30 113 164 389 431 507 549 727 890 906; 5 1 8 2 10 3 7 5 4 5 4 4 3 6 4 4 5 4 6 2
258.5; 7.547282307963304; True; 1 20 25 30 113 164 389 507 549 727 890 906; 4 1 9 3 10 3 8 5 4 6 4 4 3 6 4 3 4 4 6 2
261; 7.552424845704085; True; 1 30 113 164 389 396 502 507 549 727 879 890; 5 1 9 2 10 3 8 6 4 5 4 5 3 7 6 5 5 3 7 1
261.8; 7.590284403718162; True; 1 20 30 113 128 145 174 389 549 638 727 890 906; 4 1 9 3 10 3 6 5 5 5 5 5 4 6 4 3 4 5 6 1
262.5; 7.606488850442648; True; 1 30 113 164 389 502 507 549 727 879 890 906; 4 1 8 3 9 4 7 5 4 6 4 5 3 6 6 4 4 4 6 1
264.9; 7.615107987443194; True; 1 20 30 113 128 174 389 396 549 638 727 890 906; 5 1 10 3 11 2 7 6 5 5 4 5 4 6 4 4 5 4 6 1
267.4; 7.633771346082556; True; 1 20 30 113 145 174 389 431 549 638 727 890 906; 5 1 8 3 10 3 6 5 4 5 5 4 4 7 3 4 5 5 7 1
269.1; 7.670802284260944; True; 1 20 30 113 128 174 389 431 549 638 727 890 906; 5 1 9 3 11 2 6 6 5 5 5 5 4 6 4 4 5 4 6 1
273.3; 7.679700380871964; True; 1 20 30 113 174 330 389 507 549 638 727 890 906; 5 1 9 3 10 3 8 4 5 5 4 6 4 6 4 4 4 5 6 1
273.6; 7.683407299132094; True; 1 20 25 30 113 174 389 431 549 638 727 890 906; 5 1 9 4 11 2 7 6 4 6 5 4 4 7 3 4 5 4 7 1
274.1; 7.697054892272574; True; 1 30 113 164 219 389 502 507 549 727 879 890; 5 1 8 3 9 4 7 5 4 5 5 5 3 7 7 4 4 3 7 1
275.5; 7.700876708376903; True; 1 20 30 113 145 174 389 507 549 638 727 890 906; 4 1 8 3 10 4 7 4 4 5 5 5 4 7 4 4 4 5 7 1
275.6; 7.713826424380525; True; 1 20 30 113 174 389 440 507 549 638 727 890 906; 5 1 9 3 11 3 7 5 4 6 4 6 4 7 4 4 4 4 7 1
276.3; 7.739730528564717; True; 1 30 113 128 164 174 389 507 549 638 727 890 906; 5 1 9 3 11 3 7 6 4 5 5 6 3 7 5 4 4 4 7 1
277.3; 7.763427993562937; True; 1 20 30 113 174 389 396 507 549 638 727 890 906; 5 1 9 3 11 3 8 5 4 5 4 5 4 7 4 5 5 4 7 1
281.7; 7.768933942186781; True; 1 20 25 30 113 389 396 507 549 638 727 890 906; 4 1 9 4 11 3 8 5 4 6 4 5 3 7 4 5 5 4 7 1
282.4; 7.820661134643595; True; 1 20 30 113 174 389 431 507 549 638 727 890 906; 5 1 8 3 11 3 7 5 4 5 5 5 4 7 4 5 5 4 7 1
286.6; 7.8349926037330295; True; 1 20 25 30 113 174 389 396 507 549 727 890 906; 5 1 10 3 11 3 9 6 4 6 5 4 4 7 4 4 5 4 7 1
287.6; 7.839100782707153; True; 1 20 25 30 113 389 396 431 507 549 727 890 906; 5 1 9 3 11 3 8 6 4 6 5 4 3 7 4 5 6 4 7 1
290.1; 7.846275242412213; True; 1 20 30 113 164 389 507 531 549 638 727 890 906; 5 1 8 3 11 3 7 5 4 5 4 5 3 7 4 4 5 4 7 2
291.2; 7.90449915539782; True; 1 20 30 113 164 174 389 507 549 638 727 890 906; 5 1 9 3 11 3 8 5 4 5 4 5 4 7 4 4 4 4 7 2
295.1; 7.918868743380985; True; 1 20 30 113 164 389 431 507 549 638 727 890 906; 5 1 8 3 11 3 7 5 4 5 4 5 3 7 4 5 5 4 7 2
297.4; 7.923192190420668; True; 1 20 30 113 174 389 396 507 549 727 879 890 906; 5 1 9 3 10 4 8 5 4 6 5 4 4 7 5 4 5 4 7 1
298.1; 7.925157327175899; True; 1 20 30 113 164 174 389 431 507 549 727 890 906; 6 1 9 2 11 3 8 6 4 5 5 4 4 7 4 4 5 4 7 2
298.4; 7.933183479174614; True; 1 20 25 30 113 164 389 396 507 549 727 890 906; 5 1 10 3 11 3 9 6 4 6 4 4 3 7 4 4 5 4 7 2
300.5; 7.948608549876436; True; 1 20 25 30 113 164 174 389 507 549 727 890 906; 5 1 10 3 11 3 9 6 4 6 5 4 4 7 4 3 4 4 7 2
303.4; 7.962842681201243; True; 1 20 30 113 174 389 431 507 549 727 879 890 906; 5 1 8 3 10 4 7 5 4 6 6 4 4 7 5 4 5 4 7 1
303.5; 7.997823080745725; True; 1 20 25 30 113 164 389 431 507 549 727 890 906; 5 1 9 3 11 3 8 6 4 6 5 4 3 7 4 4 5 4 7 2
305.6; 8.015359755409214; True; 1 30 113 164 174 389 502 507 549 727 879 890 906; 5 1 9 3 10 4 8 6 4 6 5 5 4 7 6 4 4 4 7 1
307.1; 8.021189299069938; True; 1 20 30 113 164 389 396 507 549 727 879 890 906; 5 1 9 3 10 4 8 5 4 6 4 4 3 7 5 4 5 4 7 2
310.1; 8.036628895362162; True; 1 20 30 113 164 174 389 507 549 727 879 890 906; 5 1 9 3 10 4 8 5 4 6 5 4 4 7 5 3 4 4 7 2
313.1; 8.07881918309885; True; 1 20 30 113 164 389 431 507 549 727 879 890 906; 5 1 8 3 10 4 7 5 4 6 5 4 3 7 5 4 5 4 7 2
316.9; 8.079543007402906; True; 1 20 30 113 128 174 389 431 549 638 716 727 890 906; 5 1 9 4 12 3 7 6 5 5 5 5 4 6 5 4 6 4 6 1
318.1; 8.080626486921807; True; 1 20 30 113 128 174 389 486 507 549 638 727 890 906; 5 1 10 4 12 3 7 5 5 6 5 6 4 7 5 4 4 4 7 1
318.4; 8.084576277934332; True; 1 20 30 113 128 174 389 507 549 577 638 727 890 906; 5 1 10 3 12 3 8 6 5 5 5 6 4 6 5 5 5 4 7 1
319.2; 8.121887985103681; True; 1 20 30 113 128 174 389 396 507 549 638 727 890 906; 5 1 10 3 12 3 8 6 5 5 5 6 4 7 5 5 5 4 7 1
321.5; 8.133858125203334; True; 1 20 30 113 164 389 502 507 549 727 879 890 906; 4 1 9 3 10 4 8 5 5 6 4 5 4 6 6 4 4 4 6 2
324.4; 8.165541076722374; True; 1 20 30 113 128 174 389 431 507 549 638 727 890 906; 5 1 9 3 12 3 7 6 5 5 6 6 4 7 5 5 5 4 7 1
328.7; 8.169674434058807; True; 1 20 25 30 113 389 396 431 507 549 636 727 890 906; 5 1 9 3 12 3 9 6 4 6 5 5 4 7 4 5 7 5 7 1
329.9; 8.20139712432045; True; 1 20 25 30 113 174 389 431 507 549 638 727 890 906; 5 1 9 4 12 3 8 6 4 6 6 5 4 8 4 5 5 4 8 1
331.4; 8.208710019906402; True; 1 20 30 113 145 164 174 389 507 549 638 727 890 906; 5 1 9 3 11 4 8 5 4 5 5 5 4 8 4 4 4 5 8 2
332.4; 8.219584526214256; True; 1 20 30 113 164 174 389 507 549 636 638 727 890 906; 5 1 9 3 12 3 9 5 4 5 4 6 5 7 4 4 5 5 7 2
333.1; 8.23095955574857; True; 1 20 30 113 164 174 389 396 507 549 638 727 890 906; 6 1 10 3 12 3 9 6 4 5 4 5 4 8 4 5 5 4 8 2
333.7; 8.262925469331831; True; 1 20 30 113 128 164 174 389 507 549 638 727 890 906; 5 1 10 3 12 3 8 6 5 5 5 6 4 7 5 4 4 4 7 2
338.3; 8.29556709996248; True; 1 20 30 113 164 174 389 431 507 549 638 727 890 906; 6 1 9 3 12 3 8 6 4 5 5 5 4 8 4 5 5 4 8 2
343.6; 8.31722734917642; True; 1 20 25 30 113 164 389 431 507 549 638 727 890 906; 5 1 9 4 12 3 8 6 4 6 5 5 3 8 4 5 5 4 8 2
346.5; 8.340642377560705; True; 1 20 25 30 113 164 389 431 507 549 636 727 890 906; 5 1 9 3 12 3 9 6 4 6 5 5 4 7 4 4 6 5 7 2
350.1; 8.34084054981233; True; 1 20 30 113 164 389 396 507 549 638 727 879 890 906; 5 1 9 4 11 4 8 5 4 6 4 5 3 8 5 5 5 4 8 2
352.3; 8.38363586836188; True; 1 20 30 113 164 174 389 507 549 638 727 879 890 906; 5 1 9 4 11 4 8 5 4 6 5 5 4 8 5 4 4 4 8 2
353.1; 8.390758528738717; True; 1 20 30 113 164 174 389 396 507 549 727 879 890 906; 6 1 10 3 11 4 9 6 4 6 5 4 4 8 5 4 5 4 8 2
354.1; 8.39480177716271; True; 1 20 30 113 164 389 396 431 507 549 727 879 890 906; 6 1 9 3 11 4 8 6 4 6 5 4 3 8 5 5 6 4 8 2
356.2; 8.397940008672037; True; 1 20 30 113 164 389 431 507 549 638 727 879 890 906; 5 1 8 4 11 4 7 5 4 6 5 5 3 8 5 5 5 4 8 2
359.2; 8.437750562820389; True; 1 20 30 113 164 174 389 431 507 549 727 879 890 906; 6 1 9 3 11 4 8 6 4 6 6 4 4 8 5 4 5 4 8 2
365.4; 8.460897842756548; True; 1 20 25 30 113 164 389 431 507 549 636 727 879 890; 5 1 9 3 12 3 9 6 4 6 6 5 4 8 5 4 6 4 8 2
366.4; 8.4920616045126; True; 1 20 30 113 164 389 396 502 507 549 727 879 890 906; 5 1 10 3 11 4 9 6 5 6 4 5 4 7 6 5 5 4 7 2
368.6; 8.507045872427327; True; 1 20 30 113 164 174 389 502 507 549 727 879 890 906; 5 1 10 3 11 4 9 6 5 6 5 5 5 7 6 4 4 4 7 2
373.4; 8.556784782307025; True; 1 20 30 113 164 389 431 502 507 549 727 879 890 906; 5 1 9 3 11 4 8 6 5 6 5 5 4 7 6 5 5 4 7 2
377.2; 8.566437492195071; True; 1 20 30 113 128 164 174 389 507 549 636 638 727 890 906; 5 1 10 3 13 3 9 6 5 5 5 7 5 7 5 4 5 5 7 2
378.9; 8.575187844927662; True; 1 20 30 113 128 164 174 389 396 507 549 638 727 890 906; 6 1 11 3 13 3 9 7 5 5 5 6 4 8 5 5 5 4 8 2
382.5; 8.593175263478102; True; 1 20 30 113 164 174 389 431 507 549 636 638 727 890 906; 6 1 9 3 13 3 9 6 4 5 5 6 5 8 4 5 6 5 8 2
383.7; 8.608205007704326; True; 1 20 25 30 113 164 174 389 507 549 636 638 727 890 906; 5 1 10 4 13 3 10 6 4 6 5 6 5 8 4 4 5 5 8 2
384.1; 8.625106575403468; True; 1 20 30 113 128 164 174 389 431 507 549 638 727 890 906; 6 1 10 3 13 3 8 7 5 5 6 6 4 8 5 5 5 4 8 2
388.6; 8.642662331442036; True; 1 20 25 30 113 164 389 431 507 549 636 638 727 890 906; 5 1 9 4 13 3 9 6 4 6 5 6 4 8 4 5 6 5 8 2
390.7; 8.645815118296643; True; 1 20 25 30 113 164 174 389 431 507 549 638 727 890 906; 6 1 10 4 13 3 9 7 4 6 6 5 4 9 4 5 5 4 9 2
393.6; 8.650598898172657; True; 1 20 25 30 113 164 174 389 431 507 549 636 727 890 906; 6 1 10 3 13 3 10 7 4 6 6 5 5 8 4 4 6 5 8 2
394.9; 8.663135314957755; True; 1 20 30 113 128 164 174 389 431 549 638 727 879 890 906; 6 1 10 4 12 3 7 7 5 6 6 5 4 8 5 4 5 4 8 2
396; 8.67015304519218; True; 1 20 25 30 113 128 164 389 431 507 549 636 727 890 906; 5 1 10 3 13 3 9 7 5 6 6 6 4 7 5 4 6 5 7 2
398.2; 8.69836156605511; True; 1 20 30 113 164 174 389 396 507 549 638 727 879 890 906; 6 1 10 4 12 4 9 6 4 6 5 5 4 9 5 5 5 4 9 2
399.4; 8.698796251790432; True; 1 20 30 113 164 174 389 507 549 636 638 727 879 890 906; 5 1 9 4 12 4 9 5 4 6 5 6 5 8 5 4 5 5 8 2
399.7; 8.707399831133248; True; 1 20 30 113 128 164 174 389 507 549 638 727 879 890 906; 5 1 10 4 12 4 8 6 5 6 6 6 4 8 6 4 4 4 8 2
401.5; 8.717504074764202; True; 1 20 30 113 128 164 174 389 396 507 549 727 879 890 906; 6 1 11 3 12 4 9 7 5 6 6 5 4 8 6 4 5 4 8 2
403.2; 8.725503268859315; True; 1 20 30 113 164 389 396 431 507 549 636 727 879 890 906; 6 1 9 3 12 4 9 6 4 6 5 5 4 8 5 5 7 5 8 2
404.3; 8.727053011353858; True; 1 20 30 113 164 389 431 507 549 636 638 727 879 890 906; 5 1 8 4 12 4 8 5 4 6 5 6 4 8 5 5 6 5 8 2
404.3; 8.74538712132001; True; 1 20 30 113 164 174 389 431 507 549 638 727 879 890 906; 6 1 9 4 12 4 8 6 4 6 6 5 4 9 5 5 5 4 9 2
407.4; 8.75258617874041; True; 1 20 30 113 164 174 389 431 507 549 636 727 879 890 906; 6 1 9 3 12 4 9 6 4 6 6 5 5 8 5 4 6 5 8 2
407.6; 8.755341183811547; True; 1 20 30 113 128 164 174 389 431 507 549 727 879 890 906; 6 1 10 3 12 4 8 7 5 6 7 5 4 8 6 4 5 4 8 2
413.5; 8.781611782493151; True; 1 20 30 113 164 389 396 502 507 531 549 727 879 890 906; 6 1 10 3 12 4 9 7 5 6 5 5 4 8 6 5 6 4 8 2
414.6; 8.7901443650429; True; 1 20 25 30 113 164 389 431 507 549 636 727 879 890 906; 5 1 9 4 12 4 9 6 4 7 6 5 4 8 5 4 6 5 8 2
416.4; 8.816837630902034; True; 1 20 30 113 164 174 389 396 502 507 549 727 879 890 906; 6 1 11 3 12 4 10 7 5 6 5 5 5 8 6 5 5 4 8 2
419.3; 8.837019948540908; True; 1 20 30 113 164 389 396 431 502 507 549 727 879 890 906; 6 1 10 3 12 4 9 7 5 6 5 5 4 8 6 6 6 4 8 2
421.3; 8.840733234611807; True; 1 20 30 113 128 164 174 389 431 549 636 638 716 727 890 906; 6 1 10 4 14 3 9 7 5 5 5 6 5 7 5 4 7 5 7 2
422.3; 8.841672250073634; True; 1 20 30 113 164 389 431 502 507 549 638 727 879 890 906; 5 1 9 4 12 4 8 6 5 6 5 6 4 8 6 6 5 4 8 2
423.4; 8.869173027321683; True; 1 20 30 113 164 174 389 431 502 507 549 727 879 890 906; 6 1 10 3 12 4 9 7 5 6 6 5 5 8 6 5 5 4 8 2
430.4; 8.872097974274228; True; 1 20 30 113 128 164 174 389 396 431 507 549 638 727 890 906; 7 1 11 3 14 3 9 8 5 5 6 6 4 9 5 6 6 4 9 2
430.7; 8.910891088644528; True; 1 20 30 113 128 164 174 389 431 507 549 636 638 727 890 906; 6 1 10 3 14 3 9 7 5 5 6 7 5 8 5 5 6 5 8 2
437.2; 8.914343157119442; True; 1 20 30 113 128 164 174 389 396 549 636 638 727 879 890 906; 6 1 11 4 13 3 9 7 5 6 5 6 5 8 5 4 6 5 8 2
437.7; 8.94101424370557; True; 1 20 25 30 113 164 174 389 431 507 549 636 638 727 890 906; 6 1 10 4 14 3 10 7 4 6 6 6 5 9 4 5 6 5 9 2
442.4; 8.96425963019685; True; 1 20 30 113 128 164 174 389 431 549 636 638 727 879 890 906; 6 1 10 4 13 3 8 7 5 6 6 6 5 8 5 4 6 5 8 2
448.3; 8.993524403167065; True; 1 20 30 113 164 174 389 396 507 549 636 638 727 879 890 906; 6 1 10 4 13 4 10 6 4 6 5 6 5 9 5 5 6 5 9 2
448.9; 9.00774777800074; True; 1 20 30 113 128 164 174 389 396 507 549 638 727 879 890 906; 6 1 11 4 13 4 9 7 5 6 6 6 4 9 6 5 5 4 9 2
449.2; 9.010723865391773; True; 1 20 30 113 128 164 174 389 507 549 636 638 727 879 890 906; 5 1 10 4 13 4 9 6 5 6 6 7 5 8 6 4 5 5 8 2
452; 9.012837224705173; True; 1 20 30 113 128 164 174 389 396 507 549 636 727 879 890 906; 6 1 11 3 13 4 10 7 5 6 6 6 5 8 6 4 6 5 8 2
454.3; 9.013258665283516; True; 1 20 30 113 164 174 389 396 431 507 549 636 727 879 890 906; 7 1 10 3 13 4 10 7 4 6 6 5 5 9 5 5 7 5 9 2
454.4; 9.04296907339318; True; 1 20 30 113 164 174 389 431 507 549 636 638 727 879 890 906; 6 1 9 4 13 4 9 6 4 6 6 6 5 9 5 5 6 5 9 2
455.1; 9.045714058940868; True; 1 20 30 113 128 164 174 389 431 507 549 638 727 879 890 906; 6 1 10 4 13 4 8 7 5 6 7 6 4 9 6 5 5 4 9 2
458.1; 9.052693941924968; True; 1 20 30 113 128 164 174 389 431 507 549 636 727 879 890 906; 6 1 10 3 13 4 9 7 5 6 7 6 5 8 6 4 6 5 8 2
462.4; 9.061452479087194; True; 1 20 25 30 113 164 389 396 431 507 549 636 727 879 890 906; 6 1 10 4 13 4 10 7 4 7 6 5 4 9 5 5 7 5 9 2
465.9; 9.066325925362039; True; 1 20 30 113 128 174 307 389 431 440 507 549 636 638 727 890 906; 6 1 10 3 14 3 9 7 5 6 6 8 5 8 5 6 6 5 8 2
466.5; 9.076276255404217; True; 1 20 25 30 113 164 174 389 431 507 549 636 727 879 890 906; 6 1 10 4 13 4 10 7 4 7 7 5 5 9 5 4 6 5 9 2
467.2; 9.089905111439398; True; 1 20 30 113 164 174 389 396 502 507 549 638 727 879 890 906; 6 1 11 4 13 4 10 7 5 6 5 6 5 9 6 6 5 4 9 2
469.4; 9.09236969962912; True; 1 20 30 113 164 174 389 502 507 549 636 638 727 879 890 906; 5 1 10 4 13 4 10 6 5 6 5 7 6 8 6 5 5 5 8 2
470.3; 9.0927206446841; True; 1 20 30 113 164 174 389 396 502 507 549 636 727 879 890 906; 6 1 11 3 13 4 11 7 5 6 5 6 6 8 6 5 6 5 8 2
470.6; 9.106530853822381; True; 1 20 30 113 128 174 307 389 431 486 507 549 636 638 727 890 906; 6 1 10 4 14 3 9 6 5 6 6 7 5 8 5 6 6 5 8 2
472.2; 9.113609151073028; True; 1 20 30 113 164 174 389 396 431 502 507 549 727 879 890 906; 7 1 11 3 13 4 10 8 5 6 6 5 5 9 6 6 6 4 9 2
474.1; 9.119915410257992; True; 1 20 30 113 164 389 396 431 502 507 549 636 727 879 890 906; 6 1 10 3 13 4 10 7 5 6 5 6 5 8 6 6 7 5 8 2
474.3; 9.142389466118836; True; 1 20 30 113 164 174 389 431 502 507 549 638 727 879 890 906; 6 1 10 4 13 4 9 7 5 6 6 6 5 9 6 6 5 4 9 2
477.4; 9.14674801363064; True; 1 20 30 113 164 174 389 431 502 507 549 636 727 879 890 906; 6 1 10 3 13 4 10 7 5 6 6 6 6 8 6 5 6 5 8 2
481.5; 9.161966616364074; True; 1 20 25 30 113 164 389 396 431 502 507 549 727 879 890 906; 6 1 11 4 13 4 10 8 5 7 6 5 4 9 6 6 6 4 9 2
481.7; 9.174641192660449; True; 1 20 30 113 128 164 174 389 431 486 507 549 636 638 727 890 906; 7 1 11 4 15 3 9 7 5 6 6 7 5 9 5 5 6 5 9 2
486.6; 9.20194306340165; True; 1 20 25 30 113 164 389 431 502 507 549 636 727 879 890 906; 5 1 10 4 13 4 10 7 5 7 6 6 5 8 6 5 6 5 8 2
491.3; 9.229425847920695; True; 1 20 30 113 128 164 174 389 431 507 549 636 638 716 727 890 906; 6 1 10 4 15 4 10 7 5 5 6 7 5 8 6 5 7 5 8 2
495.1; 9.232487866352987; True; 1 20 30 113 128 164 174 389 431 457 507 549 636 638 727 890 906; 6 1 10 4 14 4 9 7 6 5 6 7 5 8 6 5 6 5 8 2
499.6; 9.236033147117636; True; 1 20 30 113 128 164 174 330 389 396 507 549 638 727 879 890 906; 7 1 12 4 13 4 10 7 6 6 6 7 4 9 6 5 5 5 9 2
500.4; 9.249931756634195; True; 1 20 30 113 128 174 307 389 431 507 549 636 638 727 879 890 906; 5 1 9 4 13 4 9 6 5 6 7 7 5 8 6 6 6 5 8 2
501.3; 9.291368850451583; True; 1 20 30 113 128 164 174 389 396 507 549 636 638 727 879 890 906; 6 1 11 4 14 4 10 7 5 6 6 7 5 9 6 5 6 5 9 2
507.2; 9.29928933408768; True; 1 20 30 113 128 164 389 396 431 507 549 636 638 727 879 890 906; 6 1 10 4 14 4 9 7 5 6 6 7 4 9 6 6 7 5 9 2
507.5; 9.331427296520744; True; 1 20 30 113 128 164 174 389 431 507 549 636 638 727 879 890 906; 6 1 10 4 14 4 9 7 5 6 7 7 5 9 6 5 6 5 9 2
518.3; 9.341038631677522; True; 1 20 25 30 113 128 164 389 431 507 549 636 638 727 879 890 906; 5 1 10 5 14 4 9 7 5 7 7 7 4 9 6 5 6 5 9 2
521.5; 9.346157302232008; True; 1 20 30 113 157 164 174 389 431 507 549 636 638 727 879 890 906; 6 1 9 4 14 5 10 7 5 6 6 7 6 9 5 5 6 5 9 2
521.8; 9.348304863048162; True; 1 20 30 113 128 164 174 389 396 502 507 549 638 727 879 890 906; 6 1 12 4 14 4 10 8 6 6 6 7 5 9 7 6 5 4 9 2
523.1; 9.352568386179309; True; 1 20 30 113 128 164 174 389 502 507 549 636 638 727 879 890 906; 5 1 11 4 14 4 10 7 6 6 6 8 6 8 7 5 5 5 8 2
523.1; 9.354108439147401; True; 1 20 30 113 164 174 389 396 502 507 549 636 638 727 879 890 906; 6 1 11 4 14 4 11 7 5 6 5 7 6 9 6 6 6 5 9 2
526.1; 9.366236123718293; True; 1 20 30 113 164 174 389 396 431 502 507 549 638 727 879 890 906; 7 1 11 4 14 4 10 8 5 6 6 6 5 10 6 7 6 4 10 2
527.1; 9.372727940885595; True; 1 20 30 113 164 174 330 389 431 502 507 549 638 727 879 890 906; 7 1 11 4 13 4 10 7 6 6 6 7 5 9 6 6 5 5 9 2
529; 9.390581878550435; True; 1 20 30 113 128 164 174 389 431 502 507 549 638 727 879 890 906; 6 1 11 4 14 4 9 8 6 6 7 7 5 9 7 6 5 4 9 2
530.2; 9.408070285887186; True; 1 20 30 113 164 174 389 431 502 507 549 636 638 727 879 890 906; 6 1 10 4 14 4 10 7 5 6 6 7 6 9 6 6 6 5 9 2
538.5; 9.418135498425233; True; 1 20 25 30 113 164 174 389 431 502 507 549 638 727 879 890 906; 6 1 11 5 14 4 10 8 5 7 7 6 5 10 6 6 5 4 10 2
539.2; 9.443262987458695; True; 1 20 25 30 113 164 389 396 431 502 507 549 636 727 879 890 906; 6 1 11 4 14 4 11 8 5 7 6 6 5 9 6 6 7 5 9 2
542.4; 9.457730548245998; True; 1 20 25 30 113 164 174 389 431 502 507 549 636 727 879 890 906; 6 1 11 4 14 4 11 8 5 7 7 6 6 9 6 5 6 5 9 2
550; 9.468347330412158; True; 1 20 30 113 128 164 174 389 431 457 486 507 549 636 638 727 890 906; 7 1 11 5 15 4 9 7 6 6 6 7 5 9 6 5 6 5 9 2
553.6; 9.492341253254974; True; 1 20 30 113 128 174 307 389 396 431 507 549 636 638 727 879 890 906; 6 1 10 4 14 4 10 7 5 6 7 7 5 9 6 7 7 5 9 2
557.2; 9.50392680419351; True; 1 20 30 113 128 164 174 389 396 486 507 549 636 638 727 879 890 906; 7 1 12 5 15 4 10 7 5 7 6 7 5 10 6 5 6 5 10 2
559.9; 9.504606770641955; True; 1 20 30 113 128 164 174 330 389 396 431 507 549 638 727 879 890 906; 8 1 12 4 14 4 10 8 6 6 7 7 4 10 6 6 6 5 10 2
560.3; 9.535926741395569; True; 1 20 30 113 128 164 174 330 389 431 507 549 636 638 727 879 890 906; 7 1 11 4 14 4 10 7 6 6 7 8 5 9 6 5 6 6 9 2
560.7; 9.55497345833324; True; 1 20 30 113 128 164 174 389 396 431 507 549 636 638 727 879 890 906; 7 1 11 4 15 4 10 8 5 6 7 7 5 10 6 6 7 5 10 2
572.3; 9.575187844927662; True; 1 20 25 30 113 128 164 389 396 431 507 549 636 638 727 879 890 906; 6 1 11 5 15 4 10 8 5 7 7 7 4 10 6 6 7 5 10 2
577; 9.58692470814482; True; 1 20 30 113 128 164 174 389 431 457 507 549 636 638 727 879 890 906; 6 1 10 5 14 5 9 7 6 6 7 7 5 9 7 5 6 5 9 2
580; 9.60390183173167; True; 1 20 30 113 128 164 174 389 396 502 507 549 636 638 727 879 890 906; 6 1 12 4 15 4 11 8 6 6 6 8 6 9 7 6 6 5 9 2
584; 9.606488850442648; True; 1 20 30 113 128 164 174 389 396 431 502 507 549 638 727 879 890 906; 7 1 12 4 15 4 10 9 6 6 7 7 5 10 7 7 6 4 10 2
584.9; 9.618257344840401; True; 1 20 30 113 164 174 389 396 431 502 507 549 636 638 727 879 890 906; 7 1 11 4 15 4 11 8 5 6 6 7 6 10 6 7 7 5 10 2
587.2; 9.647871765306233; True; 1 20 30 113 128 164 174 389 431 502 507 549 636 638 727 879 890 906; 6 1 11 4 15 4 10 8 6 6 7 8 6 9 7 6 6 5 9 2
600.3; 9.65867902858245; True; 1 20 30 113 164 174 389 431 502 507 549 636 638 716 727 879 890 906; 6 1 10 5 15 5 11 7 5 6 6 7 6 9 7 6 7 5 9 2
601.2; 9.66341821225268; True; 1 20 30 113 164 174 389 431 457 502 507 549 636 638 727 879 890 906; 6 1 10 5 14 5 10 7 6 6 6 7 6 9 7 6 6 5 9 2
602.5; 9.6652056284346; True; 1 20 30 113 128 164 174 389 431 502 507 549 636 716 727 879 890 906; 6 1 11 4 15 5 11 8 6 6 7 7 6 8 8 5 7 5 8 2
608.3; 9.695218918905152; True; 1 20 30 113 128 174 307 330 389 396 431 507 549 636 638 727 879 890 906; 7 1 11 4 14 4 11 7 6 6 7 8 5 9 6 7 7 6 9 2
615.8; 9.696181587168525; True; 1 20 30 113 128 174 307 330 389 396 431 486 507 549 636 727 879 890 906; 8 1 12 4 14 4 11 7 6 7 7 7 5 9 6 6 7 6 9 2
616.1; 9.715167357848458; True; 1 20 30 113 128 164 174 389 396 431 507 549 636 638 694 727 879 890 906; 8 1 12 4 16 4 10 9 5 6 7 7 5 10 6 7 8 5 11 2
617.3; 9.748420622467568; True; 1 20 30 113 128 164 174 330 389 396 431 507 549 636 638 727 879 890 906; 8 1 12 4 15 4 11 8 6 6 7 8 5 10 6 6 7 6 10 2
620.5; 9.753429841575423; True; 1 20 30 113 128 164 174 389 396 431 486 507 549 636 638 727 879 890 906; 8 1 12 5 16 4 10 8 5 7 7 7 5 11 6 6 7 5 11 2
627.8; 9.755112266395072; True; 1 20 25 30 113 164 219 389 396 431 502 507 549 636 727 879 890 906; 7 1 11 5 14 5 11 8 5 7 7 6 5 10 7 6 7 5 10 2
630.9; 9.77742682238931; True; 1 20 30 113 128 164 174 307 389 396 431 507 549 636 638 727 879 890 906; 7 1 11 4 15 4 11 8 5 6 7 7 5 10 6 7 7 5 10 3
631.7; 9.779307827583585; True; 1 20 30 113 128 164 174 330 389 431 457 507 549 636 638 727 879 890 906; 7 1 11 5 14 5 10 7 7 6 7 8 5 9 7 5 6 6 9 2
632.1; 9.796782411701308; True; 1 20 30 113 128 164 174 389 396 431 507 549 636 638 716 727 879 890 906; 7 1 11 5 16 5 11 8 5 6 7 7 5 10 7 6 8 5 10 2
643.5; 9.81050134776653; True; 1 20 30 113 164 174 330 389 396 431 502 507 549 636 638 727 879 890 906; 8 1 12 4 15 4 12 8 6 6 6 8 6 10 6 7 7 6 10 2
644.9; 9.830139387425342; True; 1 20 30 113 128 164 174 330 389 431 502 507 549 636 638 727 879 890 906; 7 1 12 4 15 4 11 8 7 6 7 9 6 9 7 6 6 6 9 2
645.2; 9.849910558301495; True; 1 20 30 113 128 164 174 389 396 431 502 507 549 636 638 727 879 890 906; 7 1 12 4 16 4 11 9 6 6 7 8 6 10 7 7 7 5 10 2
655.7; 9.876391061819188; True; 1 20 25 30 113 164 174 389 396 431 502 507 549 636 638 727 879 890 906; 7 1 12 5 16 4 12 9 5 7 7 7 6 11 6 7 7 5 11 2
670.3; 9.878234468675045; True; 1 20 30 113 128 174 307 330 389 431 486 507 549 636 638 694 727 879 890 906; 8 1 12 5 15 4 10 7 6 7 7 8 5 9 6 7 7 6 10 2
673.4; 9.907357608131173; True; 1 20 30 113 128 164 174 219 389 396 502 507 549 636 638 727 879 890 906; 7 1 12 5 15 5 11 8 6 6 7 8 6 10 8 6 6 5 10 2
678.3; 9.915874502857692; True; 1 20 30 113 164 174 219 389 396 431 502 507 549 636 638 727 879 890 906; 8 1 11 5 15 5 11 8 5 6 7 7 6 11 7 7 7 5 11 2
681.6; 9.94250410616808; True; 1 20 30 113 128 164 174 219 389 431 502 507 549 636 638 727 879 890 906; 7 1 11 5 15 5 10 8 6 6 8 8 6 10 8 6 6 5 10 2
686.5; 9.948706308904852; True; 1 20 30 113 128 164 174 307 330 389 431 440 507 549 636 638 727 879 890 906; 8 1 12 4 15 4 11 8 6 7 7 9 5 10 6 6 6 6 10 3
692.6; 9.96080362491177; True; 1 20 25 30 113 164 174 219 389 431 502 507 549 636 638 727 879 890 906; 7 1 11 6 15 5 11 8 5 7 8 7 6 11 7 6 6 5 11 2
693.4; 9.966986025117938; True; 1 20 30 113 128 164 174 330 389 431 457 486 507 549 636 638 727 879 890 906; 8 1 12 6 15 5 10 7 7 7 7 8 5 10 7 5 6 6 10 2
699.7; 9.968155937149971; True; 1 20 30 113 128 174 307 330 389 396 431 502 507 549 636 638 727 879 890 906; 7 1 12 4 15 4 12 8 7 6 7 9 6 9 7 8 7 6 9 2
704; 10.019531684531255; True; 1 20 30 113 128 164 174 307 330 389 431 507 549 636 638 716 727 879 890 906; 7 1 11 5 15 5 12 7 6 6 7 8 5 9 7 6 7 6 9 3
708.5; 10.033825693953311; True; 1 20 30 113 128 164 174 330 389 431 486 502 507 549 636 638 727 879 890 906; 8 1 13 5 16 4 11 8 7 7 7 9 6 10 7 6 6 6 10 2
711.4; 10.04453976039241; True; 1 20 25 30 113 128 164 174 330 389 396 502 507 549 636 638 727 879 890 906; 7 1 14 5 16 4 13 9 7 7 7 9 6 10 7 6 6 6 10 2
720.9; 10.051538390515327; True; 1 20 30 113 128 164 174 307 330 389 431 502 507 549 636 638 727 879 890 906; 7 1 12 4 15 4 12 8 7 6 7 9 6 9 7 7 6 6 9 3
723.1; 10.052309099647324; True; 1 20 30 113 164 174 330 389 396 431 502 507 549 636 638 727 774 879 890 906; 8 1 12 5 15 5 12 8 6 7 6 8 6 10 7 7 7 6 10 2
725.9; 10.062581984228164; True; 1 20 30 113 128 164 174 389 431 457 502 507 549 636 638 694 727 879 890 906; 7 1 12 5 16 5 10 9 7 6 7 8 6 9 8 7 7 5 10 2
732; 10.065579714728448; True; 1 20 30 113 128 164 174 219 307 330 389 431 507 549 636 638 727 879 890 906; 8 1 11 5 14 5 11 7 6 6 8 8 5 10 7 6 6 6 10 3
733.7; 10.076640443670343; True; 1 20 30 42 113 128 164 174 307 389 431 502 507 549 636 638 727 879 890 906; 6 1 11 4 16 5 11 8 6 6 7 9 7 9 7 7 7 5 9 3
740.2; 10.103803720955957; True; 1 20 30 113 128 164 174 307 389 431 502 507 549 636 638 727 774 879 890 906; 6 1 11 5 15 5 11 8 6 7 7 8 6 9 8 7 6 5 9 3
743.3; 10.11293997608408; True; 1 20 30 113 128 164 174 330 389 396 415 431 486 507 549 636 638 727 879 890 906; 9 1 13 6 16 5 11 8 6 8 7 8 5 11 6 6 7 6 11 2
754.6; 10.164650215934296; True; 1 20 30 113 128 145 164 174 307 389 396 431 486 507 549 636 638 727 879 890 906; 8 1 12 5 16 5 11 8 5 7 8 7 5 12 6 7 7 6 12 3
760.6; 10.164947372621842; True; 1 20 30 113 128 164 174 219 307 389 431 502 507 549 636 638 727 879 890 906; 7 1 11 5 15 5 11 8 6 6 8 8 6 10 8 7 6 5 10 3
767.2; 10.165837624690129; True; 1 20 30 113 128 164 174 219 307 389 431 486 502 507 549 636 727 879 890 906; 8 1 12 5 15 5 11 8 6 7 8 7 6 10 8 6 6 5 10 3
774.1; 10.211654400553183; True; 1 20 30 113 128 164 174 307 330 389 396 431 507 549 636 638 727 774 879 890 906; 8 1 12 5 15 5 12 8 6 7 7 8 5 10 7 7 7 6 10 3
784.3; 10.212187604403958; True; 1 20 30 113 128 164 174 307 330 389 396 431 502 549 636 638 716 727 879 890 906; 8 1 13 5 16 4 13 9 7 6 6 8 6 9 7 7 8 6 9 3
784.6; 10.215901813204031; True; 1 20 30 113 128 164 174 307 330 389 431 502 531 549 636 638 716 727 879 890 906; 8 1 12 5 16 4 12 9 7 6 7 8 6 9 7 6 8 6 9 3
791.3; 10.255513712819534; True; 1 20 30 113 128 164 174 330 389 396 431 502 507 549 636 638 727 774 879 890 906; 8 1 13 5 16 5 12 9 7 7 7 9 6 10 8 7 7 6 10 2
805.7; 10.272537777375238; True; 1 20 30 113 157 164 174 307 330 389 431 486 502 507 549 636 638 727 879 890 906; 8 1 12 5 16 5 13 8 7 7 6 9 7 10 6 7 6 6 10 3
807; 10.277379974667255; True; 1 20 30 113 128 164 174 307 389 431 502 507 549 577 636 638 727 774 879 890 906; 7 1 12 5 16 5 12 9 6 7 7 8 6 9 8 8 7 5 10 3
819.2; 10.299071260027409; True; 1 20 30 113 157 164 174 307 330 389 431 502 507 549 636 638 716 727 879 890 906; 7 1 11 5 16 6 14 8 7 6 6 9 7 9 7 7 7 6 9 3
825.1; 10.312388949370591; True; 1 20 30 113 157 164 174 307 389 431 502 507 531 549 636 638 727 774 879 890 906; 7 1 10 5 16 6 12 9 6 7 7 8 7 10 7 7 7 5 10 3
827.2; 10.3386556655787; True; 1 20 30 113 128 164 174 219 307 330 389 431 502 507 549 636 638 727 879 890 906; 8 1 12 5 15 5 12 8 7 6 8 9 6 10 8 7 6 6 10 3
845.9; 10.359645792674543; True; 1 20 30 113 128 164 174 219 307 389 431 457 502 507 549 636 638 727 879 890 906; 7 1 11 6 15 6 11 8 7 6 8 8 6 10 9 7 6 5 10 3
850.1; 10.389520465846378; True; 1 20 30 42 113 128 164 174 307 330 389 431 507 531 549 636 638 716 727 879 890 906; 8 1 11 5 17 6 12 8 6 6 8 9 6 10 7 6 9 6 10 3
866.4; 10.39093510710338; True; 1 20 30 113 128 164 174 307 330 389 431 502 507 531 549 614 636 638 727 879 890 906; 9 1 12 4 17 4 12 9 7 6 8 9 7 11 7 7 8 6 11 3
873.1; 10.407730728026335; True; 1 20 30 113 157 164 174 307 330 389 396 431 502 531 549 636 638 727 774 879 890 906; 9 1 12 5 16 5 13 10 7 7 6 8 7 10 6 7 8 6 10 3
877.2; 10.415474168109236; True; 1 20 30 113 128 164 174 389 431 502 507 531 549 636 638 679 716 727 774 879 890 906; 8 1 12 6 18 6 11 10 6 7 9 8 6 10 9 7 8 5 11 2
879; 10.425534220498264; True; 1 20 25 30 113 128 164 174 330 389 431 502 507 549 636 638 716 727 879 890 892 906; 7 1 13 6 18 5 13 9 8 7 8 9 6 10 9 6 7 7 10 2
883.7; 10.432488255770506; True; 1 20 30 113 128 164 174 284 307 389 396 431 486 502 507 549 636 638 727 879 890 906; 8 1 13 6 17 5 12 9 6 8 7 8 6 11 7 8 7 5 11 3
896.8; 10.482015576450712; True; 1 20 30 113 128 164 174 307 330 389 431 502 507 531 549 636 716 727 774 879 890 906; 8 1 12 5 16 6 13 9 7 7 8 8 6 9 9 6 8 6 9 3
914.3; 10.48572142648158; True; 1 20 30 113 128 164 219 307 330 389 396 431 502 507 539 549 636 638 727 879 890 906; 8 1 12 5 16 5 12 9 7 6 7 9 6 11 8 8 8 6 11 3
916.9; 10.486146996806573; True; 1 20 30 113 128 157 164 174 307 389 431 486 502 507 549 638 716 727 785 879 890 906; 7 1 12 6 18 6 12 9 7 7 7 9 6 10 9 7 7 5 10 3
921.4; 10.497067936398505; True; 1 20 30 113 128 164 174 219 307 389 396 431 502 507 549 636 727 774 856 879 890 906; 9 1 13 5 15 6 12 10 6 7 9 7 6 10 9 8 7 5 11 3
926.6; 10.510545010206613; True; 1 20 30 113 128 164 174 215 219 307 389 431 502 507 549 636 638 716 727 879 890 906; 8 1 12 6 17 6 12 9 6 6 9 8 6 11 9 8 7 5 10 3
929; 10.536053155159205; True; 1 20 30 113 128 145 164 174 307 330 389 431 486 502 507 549 636 638 727 788 879 890 906; 9 1 14 5 17 5 12 9 7 7 9 9 6 12 7 7 6 7 11 3
953.7; 10.543695632309245; True; 1 20 30 113 128 164 174 267 307 389 431 502 531 549 636 638 679 716 727 774 879 890 906; 8 1 12 6 18 5 11 10 6 8 8 7 7 10 8 7 8 5 11 3
962.7; 10.547528576459783; True; 1 20 30 113 128 164 174 219 307 330 389 396 431 502 507 549 636 638 716 727 861 890 906; 9 1 13 5 17 6 14 9 7 5 7 10 7 10 8 8 8 6 10 3
970.4; 10.561935763313782; True; 1 20 30 113 128 164 174 219 307 330 389 396 423 431 507 549 636 638 716 727 879 890 906; 9 1 12 6 17 6 13 8 7 6 8 9 5 11 9 7 8 6 11 3
977.7; 10.607347776768414; True; 1 20 30 113 128 164 174 219 307 330 389 431 507 531 549 636 638 716 727 774 879 890 906; 9 1 11 7 16 7 12 8 6 7 9 8 5 11 9 6 8 6 11 3
995.5; 10.653212513775344; True; 1 20 30 113 128 164 174 219 307 330 389 431 502 507 531 549 636 638 727 785 879 890 906; 9 1 12 5 17 5 12 9 7 6 9 10 6 11 9 7 8 7 11 3
1011; 10.654080235306571; True; 1 20 30 113 164 174 219 307 330 389 431 485 502 507 549 636 638 727 774 856 879 890 906; 9 1 12 6 15 6 12 9 6 7 8 8 7 11 8 8 7 6 12 3
1024; 10.685741738602264; True; 1 20 30 113 157 164 174 219 307 330 389 431 486 502 507 531 549 636 727 785 879 890 906; 10 1 12 5 17 6 13 9 7 7 8 9 7 11 8 6 8 7 11 3
1029; 10.689930104018218; True; 1 20 30 113 128 164 174 219 307 330 389 431 457 502 507 549 636 638 727 822 879 890 906; 8 1 12 7 16 7 12 8 8 7 8 9 6 10 10 7 6 6 10 3
1040; 10.694429690957083; True; 1 20 30 113 128 164 174 219 307 330 389 431 502 507 531 549 636 727 774 822 879 890 906; 9 1 12 6 16 7 12 9 7 8 9 8 6 10 10 6 7 6 10 3
1070; 10.748420622467568; True; 1 20 30 113 128 164 174 219 307 389 396 431 486 502 507 549 636 638 727 770 800 879 890 906; 9 1 13 7 18 6 12 10 7 8 8 8 6 13 8 8 7 5 13 3
1098; 10.775683249026043; True; 1 20 30 113 128 164 174 219 307 330 359 389 431 486 502 507 549 636 638 727 822 879 890 906; 10 1 14 7 18 6 13 9 7 8 8 9 6 11 9 8 6 6 12 3
1099; 10.785401024992387; True; 1 20 30 113 128 164 174 219 252 307 389 396 431 486 502 507 531 549 636 716 727 879 890 906; 10 1 13 6 18 6 13 10 7 7 9 7 6 12 9 7 9 6 12 3
1114; 10.833656996892872; True; 1 20 30 113 157 164 219 307 330 389 431 486 502 507 531 549 636 638 727 774 785 879 890 906; 9 1 11 7 17 7 12 8 7 8 7 10 6 11 9 7 8 7 11 3
1123; 10.834293512442695; True; 1 20 30 113 128 164 174 267 307 330 389 502 507 531 549 555 636 638 679 716 727 774 879 890 906; 9 1 14 6 19 6 14 10 7 8 9 9 7 11 9 7 7 6 11 3
1163; 10.892372907398437; True; 1 20 30 69 113 128 164 174 219 307 330 389 396 431 502 507 531 636 638 694 727 774 879 890 906; 11 1 14 6 17 6 12 10 6 7 9 9 7 11 9 9 8 6 13 3
1180; 10.913760886412323; True; 1 20 30 113 128 164 174 219 307 330 389 431 457 502 507 549 636 679 716 727 856 861 879 890 906; 10 1 14 6 16 8 13 10 8 6 10 9 7 9 10 8 7 6 11 3
1246; 10.9251573271759; True; 1 20 30 42 113 164 174 219 307 389 396 431 457 486 502 549 636 638 683 727 785 868 879 890 906; 10 1 13 8 17 8 11 8 6 7 7 9 7 12 9 7 10 6 12 3
1273; 10.930999941956152; True; 1 20 30 113 128 164 174 219 261 307 389 431 502 507 549 636 638 727 745 755 770 868 879 890 906; 8 1 15 7 17 6 14 10 7 8 9 11 7 13 8 7 6 7 13 3
1280; 11.007320952922745; True; 1 20 30 113 157 164 174 219 257 307 330 389 423 431 502 507 531 549 636 638 716 727 861 879 890 906; 9 1 11 6 18 8 14 9 8 6 9 11 8 11 9 7 8 7 12 3
1337; 11.009450895798693; True; 1 20 30 113 157 164 172 174 219 307 330 389 431 486 502 507 531 549 594 636 694 697 727 774 879 906; 10 1 12 9 16 10 12 9 7 10 8 8 6 12 9 6 7 7 11 3
1338; 11.018700498666243; True; 1 20 30 113 128 164 174 219 261 307 330 389 431 485 502 507 549 636 638 716 745 856 868 879 890 906; 9 1 15 7 17 7 14 11 6 7 10 10 8 13 8 8 7 6 14 3
1339; 11.058046230395282; True; 1 20 30 113 128 164 179 219 261 307 330 389 431 502 507 531 549 636 638 716 727 745 868 879 890 906; 9 1 14 7 18 8 14 9 7 7 9 11 6 12 10 7 9 7 12 3
1404; 11.083144143143052; True; 1 20 30 113 128 164 219 261 307 330 389 431 502 506 507 549 636 638 694 716 727 770 861 868 879 890 906; 9 1 15 8 18 8 13 10 7 7 8 11 7 12 9 8 8 6 13 3
1436; 11.158060793936606; True; 1 20 30 113 164 174 219 261 307 330 389 416 431 502 507 531 549 636 638 687 727 822 856 868 879 890 906; 12 1 15 7 17 7 13 11 6 7 10 10 7 14 9 9 8 7 14 3
1518; 11.31090562937614; True; 1 20 30 113 157 164 174 219 307 330 389 396 415 423 431 502 507 531 549 636 638 716 727 785 793 879 890 906; 10 1 12 7 21 9 16 10 9 7 8 12 7 12 11 8 10 7 12 3
1698; 11.322632711692224; True; 1 20 30 37 113 157 164 219 261 307 330 367 389 396 416 431 485 502 507 549 636 716 727 745 822 868 879 890 906; 10 1 16 7 21 9 16 11 8 8 8 11 8 14 9 8 9 7 12 3
1812; 11.370142847051103; True; 1 20 30 37 113 164 174 219 261 307 330 389 396 416 431 485 502 507 549 619 636 687 727 745 748 822 868 879 890 906; 11 1 17 6 20 8 16 12 8 8 8 11 8 14 10 9 9 8 13 3
1915; 11.379668034033655; True; 1 20 30 37 113 164 174 219 261 281 307 330 389 396 416 431 485 502 507 549 619 636 687 727 745 748 822 868 879 890 906; 11 1 18 6 21 8 16 12 8 8 8 11 8 14 10 9 9 8 14 3
1923; 11.420615770625766; True; 1 20 30 37 113 164 174 219 261 307 330 389 396 416 431 485 490 502 507 549 619 636 687 727 745 748 822 868 879 890 906; 11 1 17 6 20 8 16 12 8 8 8 11 8 14 11 9 9 9 13 3
1952; 11.420615770625766; True; 1 20 28 30 37 113 164 174 219 261 307 330 389 396 416 431 485 502 507 549 619 636 687 727 745 748 822 868 879 890 906; 11 1 17 6 21 8 16 12 8 8 8 11 8 14 11 9 9 9 13 3
