M: 6
Instance: 1
Algorithm: NSGA-II
Iteration: 300
Population Size: 1000
Running Time:  1.181e+04 seconds
Required Skills:  0 1 4 10 23 24 
Distance; Skill Score; isValid; Team; Skill Counts
8.886; 0.3951515915045425; True; 83 190 414; 1 1 1 1 1 1
11.85; 0.6114046377115931; True; 13 190 395; 1 1 1 1 1 2
15.16; 0.6213840284816534; True; 59 83 190 414; 1 1 1 2 1 1
15.64; 0.903686731736502; True; 83 188 190 395; 2 1 1 1 1 3
15.67; 1.0318122713303701; True; 83 190 209 414; 2 1 1 2 1 2
16.81; 1.0553783313750005; True; 83 190 395 414; 2 1 1 1 2 2
19.61; 1.0856472882968564; True; 83 190 225 414; 2 1 2 1 1 2
19.78; 1.1172712956557644; True; 13 190 332 349; 1 1 2 2 1 2
20.57; 1.1300119496719043; True; 13 83 190 395; 2 1 1 2 1 3
20.61; 1.1408221801093106; True; 13 190 395 414; 1 1 2 1 2 2
20.67; 1.183554533618862; True; 13 190 225 395; 2 1 2 1 1 3
20.76; 1.215373152783422; True; 13 190 349 395; 1 1 2 2 1 3
23.33; 1.2636360685881085; True; 83 188 190 209 395; 3 1 1 2 1 4
24.52; 1.2814878879400808; True; 83 190 209 227 414; 2 1 1 2 2 2
24.61; 1.3350565194390915; True; 188 190 345 395 414; 2 1 2 1 2 2
25.34; 1.4097641042663458; True; 83 188 190 209 414; 2 1 2 2 1 3
25.57; 1.4329692908744054; True; 83 188 190 395 414; 2 1 2 1 2 3
25.58; 1.4598446423882079; True; 83 190 209 395 414; 3 1 1 2 2 3
29.35; 1.4902394852462875; True; 83 190 209 225 414; 3 1 2 2 1 3
29.52; 1.513483956704257; True; 83 190 225 395 414; 3 1 2 1 2 3
30.39; 1.5612206789339433; True; 13 155 190 332 349; 2 1 2 2 2 2
30.54; 1.5650209283452936; True; 13 190 225 332 349; 2 1 3 2 1 3
31.54; 1.618152733378519; True; 13 190 225 349 395; 2 1 3 2 1 4
31.61; 1.65915528094063; True; 13 190 332 349 395; 2 1 2 2 2 3
36.25; 1.7928817453853974; True; 83 188 190 209 395 414; 3 1 2 2 2 4
41.21; 1.8144473785224875; True; 13 74 190 225 332 349; 2 1 3 2 2 3
41.25; 1.8324450411741111; True; 83 190 209 225 395 414; 4 1 2 2 2 4
41.32; 1.867644233903098; True; 13 126 190 225 332 349; 2 1 3 2 2 4
42.32; 1.8988348380682742; True; 13 126 190 225 349 395; 2 1 3 2 2 5
44.36; 1.9481194243805362; True; 13 190 225 332 349 395; 3 1 3 2 2 4
46.97; 1.9721102284028307; True; 13 190 225 349 395 414; 2 1 4 2 2 4
47.87; 1.9739586861067036; True; 13 190 349 362 395 414; 2 1 3 3 2 4
50.98; 2.0051805125037805; True; 13 75 126 190 225 230 349; 2 1 3 3 2 5
53.14; 2.025715383901341; True; 13 65 126 190 225 332 349; 2 1 3 2 3 5
53.85; 2.0546130545568877; True; 13 155 190 225 270 332 349; 3 1 3 3 2 4
55.02; 2.0856472882968564; True; 13 126 190 225 230 349 395; 3 1 3 3 2 5
57.08; 2.1061908972634154; True; 13 126 190 225 332 349 395; 3 1 3 2 3 5
58.83; 2.114610984232173; True; 13 155 190 225 332 349 395; 4 1 3 2 3 4
59.45; 2.1261314072619846; True; 13 155 190 225 332 349 414; 3 1 4 2 3 3
59.5; 2.1280760126687155; True; 13 155 190 332 349 362 414; 3 1 3 3 3 3
60.59; 2.1300119496719043; True; 13 126 190 225 349 395 414; 2 1 4 2 3 5
61.16; 2.15896526038341; True; 13 155 190 225 349 362 414; 3 1 4 3 2 4
61.44; 2.1795517911651876; True; 13 155 190 225 349 395 414; 3 1 4 2 3 4
62.46; 2.1812717715594614; True; 13 155 190 349 362 395 414; 3 1 3 3 3 4
63.48; 2.190051417759206; True; 13 190 225 349 362 395 414; 3 1 4 3 2 5
66.82; 2.212453961040276; True; 13 65 126 190 225 230 332 349; 3 1 3 3 3 5
68.72; 2.2314695904306814; True; 13 75 126 190 225 230 349 395; 3 1 3 3 3 6
71.65; 2.252124552505644; True; 13 155 190 225 270 332 349 395; 4 1 3 3 3 5
73.25; 2.285782273779395; True; 13 155 190 225 270 332 349 414; 3 1 4 3 3 4
75.58; 2.3170181010481117; True; 13 190 225 270 332 349 395 414; 3 1 4 3 3 5
76.96; 2.325310371711061; True; 13 155 190 225 332 349 362 414; 4 1 4 3 3 4
79.08; 2.335858911319818; True; 13 126 190 225 349 362 395 414; 3 1 4 3 3 6
79.93; 2.356599435724971; True; 13 155 190 225 349 362 395 414; 4 1 4 3 3 5
86.66; 2.3624824747511743; True; 13 155 190 225 314 349 362 414; 3 1 5 3 3 4
87.03; 2.3637999454791094; True; 13 54 155 190 225 349 395 414; 3 1 4 3 4 4
87.35; 2.3754807146185724; True; 13 126 190 225 230 287 332 349 395; 4 1 4 3 3 6
89.21; 2.3769417571467586; True; 13 54 190 225 349 362 395 414; 3 1 4 4 3 5
90.64; 2.3948017771627113; True; 13 126 155 190 225 270 332 349 414; 3 1 4 3 4 5
92.32; 2.4032921451582543; True; 13 126 155 190 225 230 332 349 414; 4 1 4 3 4 4
92.66; 2.4126285205443754; True; 13 126 190 225 230 287 349 395 414; 3 1 5 3 3 6
92.7; 2.4138025167693513; True; 13 75 126 190 225 230 349 395 414; 3 1 4 3 4 6
92.71; 2.416640507338281; True; 13 155 190 225 270 332 349 362 414; 4 1 4 4 3 5
93.03; 2.4344092075875; True; 13 155 190 225 270 332 349 395 414; 4 1 4 3 4 5
96.03; 2.435525851498655; True; 13 190 225 270 332 349 362 395 414; 4 1 4 4 3 6
97.38; 2.453471233722936; True; 13 126 155 190 225 349 362 395 414; 4 1 4 3 4 6
97.72; 2.4553017716570764; True; 13 155 190 225 332 349 362 395 414; 5 1 4 3 4 5
103.2; 2.4652340949880145; True; 13 65 126 190 225 230 297 332 349 395; 4 1 4 3 4 7
105.1; 2.471731651480051; True; 13 126 155 190 225 314 349 362 414; 3 1 5 3 4 5
105.4; 2.4801507252732806; True; 13 155 190 225 314 332 349 362 414; 4 1 5 3 4 4
108.2; 2.490660653356137; True; 13 65 126 190 225 230 287 332 349 414; 3 1 5 3 4 6
109.4; 2.4945719842301988; True; 13 155 190 225 255 349 362 395 414; 4 1 4 4 4 5
109.4; 2.511214701136388; True; 13 155 190 225 314 349 362 395 414; 4 1 5 3 4 5
112.1; 2.513483956704257; True; 13 126 155 190 225 270 332 349 362 414; 4 1 4 4 4 6
112.7; 2.530199698203082; True; 13 126 155 190 225 230 287 349 395 414; 4 1 5 3 4 6
115; 2.532117116248804; True; 13 155 190 225 230 287 332 349 395 414; 5 1 5 3 4 5
115.5; 2.534406899137877; True; 13 155 190 225 270 332 349 362 395 414; 5 1 4 4 4 6
116.7; 2.5420781463356255; True; 13 126 155 190 225 287 349 362 395 414; 4 1 5 3 4 7
118; 2.5510838651857806; True; 13 155 190 225 287 332 349 362 395 414; 5 1 5 3 4 6
125.2; 2.57135939275384; True; 13 155 190 225 270 314 332 349 362 414; 4 1 5 4 4 5
129.1; 2.582404298019028; True; 13 65 126 155 190 225 230 287 332 349 414; 4 1 5 3 5 6
130.1; 2.589726256254237; True; 13 126 155 190 225 230 287 297 332 349 414; 4 1 6 3 4 6
130.1; 2.590284403718162; True; 13 155 190 225 270 314 349 362 395 414; 4 1 5 4 4 6
131.7; 2.6021685513789974; True; 13 65 126 190 225 230 287 332 349 362 414; 4 1 5 4 4 7
134.1; 2.6111920608684343; True; 13 126 155 190 225 230 287 332 349 362 414; 5 1 5 4 4 6
137.1; 2.623042434246382; True; 13 126 155 190 225 230 287 349 362 395 414; 5 1 5 4 4 7
142.8; 2.623456048069934; True; 13 155 190 225 255 314 349 362 395 414; 4 1 5 4 5 5
145; 2.630427875025024; True; 13 44 126 155 190 225 287 349 362 395 414; 5 1 5 4 4 8
146.1; 2.6307328928171967; True; 13 54 155 190 225 230 287 297 332 349 414; 4 1 6 4 4 5
146.3; 2.634275694625944; True; 13 44 155 190 225 287 332 349 362 395 414; 6 1 5 4 4 7
147.2; 2.6424645202421213; True; 13 54 126 155 190 225 230 287 349 395 414; 4 1 5 4 5 6
148.2; 2.6497241859295224; True; 13 54 155 190 225 230 287 297 349 395 414; 4 1 6 4 4 6
150.4; 2.65359838184329; True; 13 75 126 155 190 225 230 287 297 332 349 414; 4 1 6 3 5 7
151.9; 2.663323933628212; True; 13 155 190 225 270 314 332 349 362 395 414; 5 1 5 4 5 6
152.2; 2.669037800885156; True; 13 75 126 155 190 225 230 287 297 349 362 414; 4 1 6 4 4 8
154.6; 2.6751365044679942; True; 13 65 126 155 190 225 230 287 332 349 362 414; 5 1 5 4 5 7
155.4; 2.6824158616773586; True; 13 126 155 190 225 230 287 297 332 349 362 414; 5 1 6 4 4 7
158.4; 2.6825962914605532; True; 13 65 126 190 225 230 287 332 349 362 395 414; 5 1 5 4 5 8
158.5; 2.6898414091375047; True; 13 126 155 190 225 230 287 297 349 362 395 414; 5 1 6 4 4 8
161.8; 2.693726948923647; True; 13 155 190 225 230 287 297 332 349 362 395 414; 6 1 6 4 4 7
168; 2.701913211212344; True; 13 155 190 225 255 287 314 349 362 395 414; 4 1 6 4 5 6
169.6; 2.7137424784090824; True; 13 54 126 155 190 225 230 287 297 349 395 414; 4 1 6 4 5 7
173.3; 2.7227161674884948; True; 13 126 155 190 225 230 287 314 332 349 362 414; 5 1 6 4 5 6
177.3; 2.7345598215794764; True; 13 126 155 190 225 230 287 314 349 362 395 414; 5 1 6 4 5 7
179.2; 2.7420177471401384; True; 13 126 155 190 225 230 270 287 297 332 349 395 414; 5 1 6 4 5 8
184.1; 2.753353212641496; True; 13 126 155 190 225 230 287 297 332 349 362 395 414; 6 1 6 4 5 8
194.2; 2.7594411971336976; True; 13 155 190 225 230 255 287 314 349 362 395 414; 5 1 6 5 5 6
194.4; 2.761251074308663; True; 13 54 155 190 225 287 297 314 349 362 395 414; 4 1 7 4 5 7
199.2; 2.7712934426290596; True; 13 44 155 190 225 255 287 314 349 362 395 414; 5 1 6 5 5 7
200; 2.778729923996112; True; 13 54 126 155 190 225 230 287 297 349 362 395 414; 5 1 6 5 5 8
202.5; 2.7895807121644256; True; 13 126 155 190 225 230 287 297 314 349 362 395 414; 5 1 7 4 5 8
214; 2.7900739484263046; True; 13 126 155 190 225 230 251 297 314 349 362 395 414; 6 1 6 5 5 8
214.9; 2.7942788657214; True; 13 44 126 190 225 287 297 314 332 349 362 395 414; 5 1 7 4 5 9
217.9; 2.8009231818132183; True; 13 155 188 190 209 225 287 314 332 349 362 395 414; 6 1 7 4 5 8
220.4; 2.807061239917239; True; 13 44 155 190 225 230 255 287 297 314 332 349 414; 5 1 7 5 5 6
222.4; 2.807873132003332; True; 13 54 155 190 225 270 287 314 332 349 362 395 414; 5 1 6 5 6 7
227.4; 2.815312043524359; True; 13 44 126 155 190 225 255 287 314 349 362 395 414; 5 1 6 5 6 8
231; 2.8191489428071344; True; 13 44 54 155 190 225 297 314 332 349 362 395 414; 6 1 6 5 6 7
233.3; 2.82633400562222; True; 13 54 155 188 190 225 251 287 314 349 362 395 414; 5 1 7 5 5 8
248.6; 2.8312937443770094; True; 13 44 54 155 157 190 225 251 287 314 349 395 414; 5 1 6 6 6 7
256.9; 2.833210880282609; True; 13 54 140 155 190 225 287 314 332 349 362 395 414; 5 1 7 4 7 6
257.4; 2.8367670473942055; True; 13 54 140 155 190 225 251 287 297 314 349 395 414; 4 1 8 4 6 7
259.4; 2.8376515578463923; True; 13 44 140 155 190 209 225 287 314 349 362 395 414; 6 1 7 5 5 8
262.1; 2.8435442119456353; True; 13 44 140 155 157 190 225 230 287 314 349 395 414; 5 1 7 5 6 6
266.4; 2.8553979966540686; True; 13 54 140 155 188 190 225 251 314 349 362 395 414; 5 1 7 5 6 7
284.2; 2.857573704147496; True; 13 44 140 155 190 225 255 297 314 349 367 395 414; 5 1 8 4 6 7
295.1; 2.866700756042499; True; 13 54 140 155 190 209 225 314 349 362 367 395 414; 6 1 7 5 6 7
296.4; 2.866995813110648; True; 13 44 140 155 157 190 225 255 314 349 362 367 414; 5 1 7 6 6 6
304.5; 2.86993541064686; True; 13 54 140 157 190 225 314 332 349 362 367 395 414; 5 1 7 5 7 6
